wavelengths,fluxes,convolved_flux,filter_wavelengths,filter_trans
  1.472000E+02,  0.000000E+00,  0.000000E+00,  3.700000E+03,  0.000000E+00
  1.510000E+02,  0.000000E+00,  0.000000E+00,  3.800000E+03,  1.100000E-01
  1.552000E+02,  0.000000E+00,  0.000000E+00,  4.000000E+03,  9.200000E-01
  1.588000E+02,  0.000000E+00,  0.000000E+00,  4.200000E+03,  1.000000E+00
  1.620000E+02,  0.000000E+00,  0.000000E+00,  4.400000E+03,  9.400000E-01
  1.660000E+02,  0.000000E+00,  0.000000E+00,  4.600000E+03,  7.900000E-01
  1.703000E+02,  0.000000E+00,  0.000000E+00,  4.800000E+03,  5.800000E-01
  1.734000E+02,  0.000000E+00,  0.000000E+00,  5.000000E+03,  3.600000E-01
  1.768000E+02,  0.000000E+00,  0.000000E+00,  5.200000E+03,  1.500000E-01
  1.802000E+02,  0.000000E+00,  0.000000E+00,  5.400000E+03,  4.000000E-02
  1.817000E+02,  0.000000E+00,  0.000000E+00,  5.600000E+03,  0.000000E+00
  1.861000E+02,  0.000000E+00,  0.000000E+00,  0.000000E+00,  0.000000E+00
  1.910000E+02,  0.000000E+00,  0.000000E+00,  0.000000E+00,  0.000000E+00
  1.939000E+02,  0.000000E+00,  0.000000E+00,  0.000000E+00,  0.000000E+00
  1.984000E+02,  0.000000E+00,  0.000000E+00,  0.000000E+00,  0.000000E+00
  2.018000E+02,  0.000000E+00,  0.000000E+00,  0.000000E+00,  0.000000E+00
  2.050000E+02,  0.000000E+00,  0.000000E+00,  0.000000E+00,  0.000000E+00
  2.105000E+02,  0.000000E+00,  0.000000E+00,  0.000000E+00,  0.000000E+00
  2.162000E+02,  0.000000E+00,  0.000000E+00,  0.000000E+00,  0.000000E+00
  2.198000E+02,  0.000000E+00,  0.000000E+00,  0.000000E+00,  0.000000E+00
  2.230000E+02,  0.000000E+00,  0.000000E+00,  0.000000E+00,  0.000000E+00
  2.268000E+02,  0.000000E+00,  0.000000E+00,  0.000000E+00,  0.000000E+00
  2.300000E+02,  0.000000E+00,  0.000000E+00,  0.000000E+00,  0.000000E+00
  2.340000E+02,  0.000000E+00,  0.000000E+00,  0.000000E+00,  0.000000E+00
  2.400000E+02,  0.000000E+00,  0.000000E+00,  0.000000E+00,  0.000000E+00
  2.465000E+02,  0.000000E+00,  0.000000E+00,  0.000000E+00,  0.000000E+00
  2.524000E+02,  0.000000E+00,  0.000000E+00,  0.000000E+00,  0.000000E+00
  2.568000E+02,  0.000000E+00,  0.000000E+00,  0.000000E+00,  0.000000E+00
  2.600000E+02,  0.000000E+00,  0.000000E+00,  0.000000E+00,  0.000000E+00
  2.640000E+02,  0.000000E+00,  0.000000E+00,  0.000000E+00,  0.000000E+00
  2.685000E+02,  0.000000E+00,  0.000000E+00,  0.000000E+00,  0.000000E+00
  2.735000E+02,  0.000000E+00,  0.000000E+00,  0.000000E+00,  0.000000E+00
  2.785000E+02,  0.000000E+00,  0.000000E+00,  0.000000E+00,  0.000000E+00
  2.840000E+02,  0.000000E+00,  0.000000E+00,  0.000000E+00,  0.000000E+00
  2.900000E+02,  0.000000E+00,  0.000000E+00,  0.000000E+00,  0.000000E+00
  2.960000E+02,  0.000000E+00,  0.000000E+00,  0.000000E+00,  0.000000E+00
  3.010000E+02,  0.000000E+00,  0.000000E+00,  0.000000E+00,  0.000000E+00
  3.080000E+02,  0.000000E+00,  0.000000E+00,  0.000000E+00,  0.000000E+00
  3.180000E+02,  0.000000E+00,  0.000000E+00,  0.000000E+00,  0.000000E+00
  3.280000E+02,  0.000000E+00,  0.000000E+00,  0.000000E+00,  0.000000E+00
  3.380000E+02,  0.000000E+00,  0.000000E+00,  0.000000E+00,  0.000000E+00
  3.480000E+02,  0.000000E+00,  0.000000E+00,  0.000000E+00,  0.000000E+00
  3.570000E+02,  0.000000E+00,  0.000000E+00,  0.000000E+00,  0.000000E+00
  3.660000E+02,  0.000000E+00,  0.000000E+00,  0.000000E+00,  0.000000E+00
  3.750000E+02,  0.000000E+00,  0.000000E+00,  0.000000E+00,  0.000000E+00
  3.850000E+02,  0.000000E+00,  0.000000E+00,  0.000000E+00,  0.000000E+00
  3.950000E+02,  0.000000E+00,  0.000000E+00,  0.000000E+00,  0.000000E+00
  4.050000E+02,  0.000000E+00,  0.000000E+00,  0.000000E+00,  0.000000E+00
  4.140000E+02,  0.000000E+00,  0.000000E+00,  0.000000E+00,  0.000000E+00
  4.220000E+02,  0.000000E+00,  0.000000E+00,  0.000000E+00,  0.000000E+00
  4.300000E+02,  0.000000E+00,  0.000000E+00,  0.000000E+00,  0.000000E+00
  4.410000E+02,  0.000000E+00,  0.000000E+00,  0.000000E+00,  0.000000E+00
  4.510000E+02,  0.000000E+00,  0.000000E+00,  0.000000E+00,  0.000000E+00
  4.600000E+02,  0.000000E+00,  0.000000E+00,  0.000000E+00,  0.000000E+00
  4.700000E+02,  0.000000E+00,  0.000000E+00,  0.000000E+00,  0.000000E+00
  4.800000E+02,  0.000000E+00,  0.000000E+00,  0.000000E+00,  0.000000E+00
  4.900000E+02,  0.000000E+00,  0.000000E+00,  0.000000E+00,  0.000000E+00
  5.000000E+02,  0.000000E+00,  0.000000E+00,  0.000000E+00,  0.000000E+00
  5.060000E+02,  0.000000E+00,  0.000000E+00,  0.000000E+00,  0.000000E+00
  5.120000E+02,  0.000000E+00,  0.000000E+00,  0.000000E+00,  0.000000E+00
  5.200000E+02,  0.000000E+00,  0.000000E+00,  0.000000E+00,  0.000000E+00
  5.300000E+02,  0.000000E+00,  0.000000E+00,  0.000000E+00,  0.000000E+00
  5.400000E+02,  0.000000E+00,  0.000000E+00,  0.000000E+00,  0.000000E+00
  5.500000E+02,  0.000000E+00,  0.000000E+00,  0.000000E+00,  0.000000E+00
  5.600000E+02,  0.000000E+00,  0.000000E+00,  0.000000E+00,  0.000000E+00
  5.700000E+02,  8.145662E-24,  0.000000E+00,  0.000000E+00,  0.000000E+00
  5.800000E+02,  5.306823E-23,  0.000000E+00,  0.000000E+00,  0.000000E+00
  5.900000E+02,  1.716488E-22,  0.000000E+00,  0.000000E+00,  0.000000E+00
  6.000000E+02,  4.653086E-22,  0.000000E+00,  0.000000E+00,  0.000000E+00
  6.100000E+02,  1.129896E-21,  0.000000E+00,  0.000000E+00,  0.000000E+00
  6.200000E+02,  2.551709E-21,  0.000000E+00,  0.000000E+00,  0.000000E+00
  6.300000E+02,  5.458358E-21,  0.000000E+00,  0.000000E+00,  0.000000E+00
  6.400000E+02,  1.117272E-20,  0.000000E+00,  0.000000E+00,  0.000000E+00
  6.500000E+02,  2.203698E-20,  0.000000E+00,  0.000000E+00,  0.000000E+00
  6.580000E+02,  3.707901E-20,  0.000000E+00,  0.000000E+00,  0.000000E+00
  6.650000E+02,  5.757354E-20,  0.000000E+00,  0.000000E+00,  0.000000E+00
  6.750000E+02,  1.055394E-19,  0.000000E+00,  0.000000E+00,  0.000000E+00
  6.850000E+02,  1.888543E-19,  0.000000E+00,  0.000000E+00,  0.000000E+00
  6.950000E+02,  3.304281E-19,  0.000000E+00,  0.000000E+00,  0.000000E+00
  7.050000E+02,  5.664010E-19,  0.000000E+00,  0.000000E+00,  0.000000E+00
  7.160000E+02,  1.002292E-18,  0.000000E+00,  0.000000E+00,  0.000000E+00
  7.260000E+02,  1.652975E-18,  0.000000E+00,  0.000000E+00,  0.000000E+00
  7.350000E+02,  2.556552E-18,  0.000000E+00,  0.000000E+00,  0.000000E+00
  7.450000E+02,  4.088474E-18,  0.000000E+00,  0.000000E+00,  0.000000E+00
  7.550000E+02,  6.441995E-18,  0.000000E+00,  0.000000E+00,  0.000000E+00
  7.650000E+02,  1.000741E-17,  0.000000E+00,  0.000000E+00,  0.000000E+00
  7.750000E+02,  1.534076E-17,  0.000000E+00,  0.000000E+00,  0.000000E+00
  7.850000E+02,  2.321628E-17,  0.000000E+00,  0.000000E+00,  0.000000E+00
  7.950000E+02,  3.471159E-17,  0.000000E+00,  0.000000E+00,  0.000000E+00
  8.050000E+02,  5.130144E-17,  0.000000E+00,  0.000000E+00,  0.000000E+00
  8.150000E+02,  7.498431E-17,  0.000000E+00,  0.000000E+00,  0.000000E+00
  8.250000E+02,  1.084457E-16,  0.000000E+00,  0.000000E+00,  0.000000E+00
  8.350000E+02,  1.552655E-16,  0.000000E+00,  0.000000E+00,  0.000000E+00
  8.450000E+02,  2.201468E-16,  0.000000E+00,  0.000000E+00,  0.000000E+00
  8.550000E+02,  3.092602E-16,  0.000000E+00,  0.000000E+00,  0.000000E+00
  8.650000E+02,  4.305860E-16,  0.000000E+00,  0.000000E+00,  0.000000E+00
  8.750000E+02,  5.943631E-16,  0.000000E+00,  0.000000E+00,  0.000000E+00
  8.850000E+02,  8.136763E-16,  0.000000E+00,  0.000000E+00,  0.000000E+00
  8.950000E+02,  1.105063E-15,  0.000000E+00,  0.000000E+00,  0.000000E+00
  9.050000E+02,  1.489405E-15,  0.000000E+00,  0.000000E+00,  0.000000E+00
  9.150000E+02,  3.823692E-14,  0.000000E+00,  0.000000E+00,  0.000000E+00
  9.250000E+02,  2.770516E-13,  0.000000E+00,  0.000000E+00,  0.000000E+00
  9.350000E+02,  4.476758E-13,  0.000000E+00,  0.000000E+00,  0.000000E+00
  9.450000E+02,  7.103847E-13,  0.000000E+00,  0.000000E+00,  0.000000E+00
  9.550000E+02,  1.033879E-12,  0.000000E+00,  0.000000E+00,  0.000000E+00
  9.650000E+02,  1.283806E-12,  0.000000E+00,  0.000000E+00,  0.000000E+00
  9.750000E+02,  1.043046E-12,  0.000000E+00,  0.000000E+00,  0.000000E+00
  9.850000E+02,  1.927741E-12,  0.000000E+00,  0.000000E+00,  0.000000E+00
  9.950000E+02,  1.716549E-12,  0.000000E+00,  0.000000E+00,  0.000000E+00
  1.005000E+03,  2.708048E-12,  0.000000E+00,  0.000000E+00,  0.000000E+00
  1.015000E+03,  2.782762E-12,  0.000000E+00,  0.000000E+00,  0.000000E+00
  1.025000E+03,  2.339518E-12,  0.000000E+00,  0.000000E+00,  0.000000E+00
  1.035000E+03,  4.045638E-12,  0.000000E+00,  0.000000E+00,  0.000000E+00
  1.045000E+03,  5.463447E-12,  0.000000E+00,  0.000000E+00,  0.000000E+00
  1.055000E+03,  3.551192E-12,  0.000000E+00,  0.000000E+00,  0.000000E+00
  1.065000E+03,  4.857988E-13,  0.000000E+00,  0.000000E+00,  0.000000E+00
  1.075000E+03,  0.000000E+00,  0.000000E+00,  0.000000E+00,  0.000000E+00
  1.085000E+03,  0.000000E+00,  0.000000E+00,  0.000000E+00,  0.000000E+00
  1.095000E+03,  0.000000E+00,  0.000000E+00,  0.000000E+00,  0.000000E+00
  1.105000E+03,  0.000000E+00,  0.000000E+00,  0.000000E+00,  0.000000E+00
  1.115000E+03,  5.066947E-10,  0.000000E+00,  0.000000E+00,  0.000000E+00
  1.125000E+03,  7.477742E-10,  0.000000E+00,  0.000000E+00,  0.000000E+00
  1.135000E+03,  5.856866E-10,  0.000000E+00,  0.000000E+00,  0.000000E+00
  1.145000E+03,  1.929647E-10,  0.000000E+00,  0.000000E+00,  0.000000E+00
  1.155000E+03,  0.000000E+00,  0.000000E+00,  0.000000E+00,  0.000000E+00
  1.165000E+03,  0.000000E+00,  0.000000E+00,  0.000000E+00,  0.000000E+00
  1.175000E+03,  0.000000E+00,  0.000000E+00,  0.000000E+00,  0.000000E+00
  1.185000E+03,  8.825115E-10,  0.000000E+00,  0.000000E+00,  0.000000E+00
  1.195000E+03,  2.584957E-11,  0.000000E+00,  0.000000E+00,  0.000000E+00
  1.205000E+03,  1.501496E-11,  0.000000E+00,  0.000000E+00,  0.000000E+00
  1.215000E+03,  3.445970E-12,  0.000000E+00,  0.000000E+00,  0.000000E+00
  1.225000E+03,  1.647682E-11,  0.000000E+00,  0.000000E+00,  0.000000E+00
  1.235000E+03,  4.304778E-11,  0.000000E+00,  0.000000E+00,  0.000000E+00
  1.245000E+03,  5.503324E-11,  0.000000E+00,  0.000000E+00,  0.000000E+00
  1.255000E+03,  1.896991E-11,  0.000000E+00,  0.000000E+00,  0.000000E+00
  1.265000E+03,  2.584899E-10,  0.000000E+00,  0.000000E+00,  0.000000E+00
  1.275000E+03,  1.893293E-09,  0.000000E+00,  0.000000E+00,  0.000000E+00
  1.285000E+03,  7.368751E-09,  0.000000E+00,  0.000000E+00,  0.000000E+00
  1.295000E+03,  1.258764E-08,  0.000000E+00,  0.000000E+00,  0.000000E+00
  1.305000E+03,  1.159979E-08,  0.000000E+00,  0.000000E+00,  0.000000E+00
  1.315000E+03,  2.854586E-08,  0.000000E+00,  0.000000E+00,  0.000000E+00
  1.325000E+03,  4.161037E-08,  0.000000E+00,  0.000000E+00,  0.000000E+00
  1.335000E+03,  4.630267E-08,  0.000000E+00,  0.000000E+00,  0.000000E+00
  1.345000E+03,  6.843598E-08,  0.000000E+00,  0.000000E+00,  0.000000E+00
  1.355000E+03,  7.154771E-08,  0.000000E+00,  0.000000E+00,  0.000000E+00
  1.365000E+03,  7.348730E-08,  0.000000E+00,  0.000000E+00,  0.000000E+00
  1.375000E+03,  8.248446E-08,  0.000000E+00,  0.000000E+00,  0.000000E+00
  1.385000E+03,  8.583433E-08,  0.000000E+00,  0.000000E+00,  0.000000E+00
  1.395000E+03,  9.427869E-08,  0.000000E+00,  0.000000E+00,  0.000000E+00
  1.405000E+03,  1.127198E-07,  0.000000E+00,  0.000000E+00,  0.000000E+00
  1.415000E+03,  1.188238E-07,  0.000000E+00,  0.000000E+00,  0.000000E+00
  1.425000E+03,  1.346354E-07,  0.000000E+00,  0.000000E+00,  0.000000E+00
  1.435000E+03,  1.275927E-07,  0.000000E+00,  0.000000E+00,  0.000000E+00
  1.442000E+03,  1.455611E-07,  0.000000E+00,  0.000000E+00,  0.000000E+00
  1.447000E+03,  1.586527E-07,  0.000000E+00,  0.000000E+00,  0.000000E+00
  1.455000E+03,  1.689413E-07,  0.000000E+00,  0.000000E+00,  0.000000E+00
  1.465000E+03,  1.583195E-07,  0.000000E+00,  0.000000E+00,  0.000000E+00
  1.475000E+03,  1.591287E-07,  0.000000E+00,  0.000000E+00,  0.000000E+00
  1.485000E+03,  1.698753E-07,  0.000000E+00,  0.000000E+00,  0.000000E+00
  1.495000E+03,  1.853723E-07,  0.000000E+00,  0.000000E+00,  0.000000E+00
  1.505000E+03,  1.936229E-07,  0.000000E+00,  0.000000E+00,  0.000000E+00
  1.512000E+03,  1.832771E-07,  0.000000E+00,  0.000000E+00,  0.000000E+00
  1.517000E+03,  1.945361E-07,  0.000000E+00,  0.000000E+00,  0.000000E+00
  1.525000E+03,  1.920857E-07,  0.000000E+00,  0.000000E+00,  0.000000E+00
  1.535000E+03,  1.948590E-07,  0.000000E+00,  0.000000E+00,  0.000000E+00
  1.545000E+03,  2.174236E-07,  0.000000E+00,  0.000000E+00,  0.000000E+00
  1.555000E+03,  2.046224E-07,  0.000000E+00,  0.000000E+00,  0.000000E+00
  1.565000E+03,  1.871573E-07,  0.000000E+00,  0.000000E+00,  0.000000E+00
  1.575000E+03,  2.082198E-07,  0.000000E+00,  0.000000E+00,  0.000000E+00
  1.585000E+03,  2.217210E-07,  0.000000E+00,  0.000000E+00,  0.000000E+00
  1.595000E+03,  2.419009E-07,  0.000000E+00,  0.000000E+00,  0.000000E+00
  1.605000E+03,  2.262587E-07,  0.000000E+00,  0.000000E+00,  0.000000E+00
  1.615000E+03,  2.262763E-07,  0.000000E+00,  0.000000E+00,  0.000000E+00
  1.625000E+03,  2.132377E-07,  0.000000E+00,  0.000000E+00,  0.000000E+00
  1.635000E+03,  2.283902E-07,  0.000000E+00,  0.000000E+00,  0.000000E+00
  1.645000E+03,  2.413966E-07,  0.000000E+00,  0.000000E+00,  0.000000E+00
  1.655000E+03,  1.951641E-07,  0.000000E+00,  0.000000E+00,  0.000000E+00
  1.665000E+03,  2.452192E-07,  0.000000E+00,  0.000000E+00,  0.000000E+00
  1.672000E+03,  1.733953E-07,  0.000000E+00,  0.000000E+00,  0.000000E+00
  1.677000E+03,  2.291576E-07,  0.000000E+00,  0.000000E+00,  0.000000E+00
  1.685000E+03,  2.535333E-07,  0.000000E+00,  0.000000E+00,  0.000000E+00
  1.695000E+03,  2.385992E-07,  0.000000E+00,  0.000000E+00,  0.000000E+00
  1.705000E+03,  2.304399E-07,  0.000000E+00,  0.000000E+00,  0.000000E+00
  1.715000E+03,  2.411525E-07,  0.000000E+00,  0.000000E+00,  0.000000E+00
  1.725000E+03,  2.383647E-07,  0.000000E+00,  0.000000E+00,  0.000000E+00
  1.735000E+03,  2.509038E-07,  0.000000E+00,  0.000000E+00,  0.000000E+00
  1.745000E+03,  2.425542E-07,  0.000000E+00,  0.000000E+00,  0.000000E+00
  1.755000E+03,  2.621648E-07,  0.000000E+00,  0.000000E+00,  0.000000E+00
  1.765000E+03,  2.322372E-07,  0.000000E+00,  0.000000E+00,  0.000000E+00
  1.775000E+03,  2.522904E-07,  0.000000E+00,  0.000000E+00,  0.000000E+00
  1.785000E+03,  2.494548E-07,  0.000000E+00,  0.000000E+00,  0.000000E+00
  1.795000E+03,  2.708284E-07,  0.000000E+00,  0.000000E+00,  0.000000E+00
  1.805000E+03,  2.572332E-07,  0.000000E+00,  0.000000E+00,  0.000000E+00
  1.815000E+03,  2.568470E-07,  0.000000E+00,  0.000000E+00,  0.000000E+00
  1.825000E+03,  2.453613E-07,  0.000000E+00,  0.000000E+00,  0.000000E+00
  1.835000E+03,  2.446993E-07,  0.000000E+00,  0.000000E+00,  0.000000E+00
  1.845000E+03,  2.287585E-07,  0.000000E+00,  0.000000E+00,  0.000000E+00
  1.855000E+03,  2.373578E-07,  0.000000E+00,  0.000000E+00,  0.000000E+00
  1.865000E+03,  2.382631E-07,  0.000000E+00,  0.000000E+00,  0.000000E+00
  1.875000E+03,  2.468579E-07,  0.000000E+00,  0.000000E+00,  0.000000E+00
  1.885000E+03,  2.478192E-07,  0.000000E+00,  0.000000E+00,  0.000000E+00
  1.895000E+03,  2.448152E-07,  0.000000E+00,  0.000000E+00,  0.000000E+00
  1.905000E+03,  2.325645E-07,  0.000000E+00,  0.000000E+00,  0.000000E+00
  1.915000E+03,  2.429559E-07,  0.000000E+00,  0.000000E+00,  0.000000E+00
  1.925000E+03,  2.466248E-07,  0.000000E+00,  0.000000E+00,  0.000000E+00
  1.935000E+03,  2.386183E-07,  0.000000E+00,  0.000000E+00,  0.000000E+00
  1.945000E+03,  2.540747E-07,  0.000000E+00,  0.000000E+00,  0.000000E+00
  1.955000E+03,  2.516747E-07,  0.000000E+00,  0.000000E+00,  0.000000E+00
  1.967000E+03,  2.552989E-07,  0.000000E+00,  0.000000E+00,  0.000000E+00
  1.976000E+03,  2.488647E-07,  0.000000E+00,  0.000000E+00,  0.000000E+00
  1.984000E+03,  2.455344E-07,  0.000000E+00,  0.000000E+00,  0.000000E+00
  1.995000E+03,  2.408520E-07,  0.000000E+00,  0.000000E+00,  0.000000E+00
  2.005000E+03,  2.365218E-07,  0.000000E+00,  0.000000E+00,  0.000000E+00
  2.015000E+03,  2.300248E-07,  0.000000E+00,  0.000000E+00,  0.000000E+00
  2.025000E+03,  2.270663E-07,  0.000000E+00,  0.000000E+00,  0.000000E+00
  2.035000E+03,  2.354899E-07,  0.000000E+00,  0.000000E+00,  0.000000E+00
  2.045000E+03,  2.414532E-07,  0.000000E+00,  0.000000E+00,  0.000000E+00
  2.055000E+03,  2.319323E-07,  0.000000E+00,  0.000000E+00,  0.000000E+00
  2.065000E+03,  2.288175E-07,  0.000000E+00,  0.000000E+00,  0.000000E+00
  2.074000E+03,  2.414812E-07,  0.000000E+00,  0.000000E+00,  0.000000E+00
  2.078000E+03,  2.460638E-07,  0.000000E+00,  0.000000E+00,  0.000000E+00
  2.085000E+03,  2.434462E-07,  0.000000E+00,  0.000000E+00,  0.000000E+00
  2.095000E+03,  2.360309E-07,  0.000000E+00,  0.000000E+00,  0.000000E+00
  2.105000E+03,  2.326984E-07,  0.000000E+00,  0.000000E+00,  0.000000E+00
  2.115000E+03,  2.326201E-07,  0.000000E+00,  0.000000E+00,  0.000000E+00
  2.125000E+03,  2.346222E-07,  0.000000E+00,  0.000000E+00,  0.000000E+00
  2.135000E+03,  2.041592E-07,  0.000000E+00,  0.000000E+00,  0.000000E+00
  2.145000E+03,  2.258483E-07,  0.000000E+00,  0.000000E+00,  0.000000E+00
  2.155000E+03,  2.276858E-07,  0.000000E+00,  0.000000E+00,  0.000000E+00
  2.165000E+03,  2.193126E-07,  0.000000E+00,  0.000000E+00,  0.000000E+00
  2.175000E+03,  2.172241E-07,  0.000000E+00,  0.000000E+00,  0.000000E+00
  2.185000E+03,  2.186069E-07,  0.000000E+00,  0.000000E+00,  0.000000E+00
  2.195000E+03,  2.316289E-07,  0.000000E+00,  0.000000E+00,  0.000000E+00
  2.205000E+03,  2.232526E-07,  0.000000E+00,  0.000000E+00,  0.000000E+00
  2.215000E+03,  2.065369E-07,  0.000000E+00,  0.000000E+00,  0.000000E+00
  2.225000E+03,  2.062851E-07,  0.000000E+00,  0.000000E+00,  0.000000E+00
  2.235000E+03,  2.269854E-07,  0.000000E+00,  0.000000E+00,  0.000000E+00
  2.245000E+03,  2.075232E-07,  0.000000E+00,  0.000000E+00,  0.000000E+00
  2.255000E+03,  2.041337E-07,  0.000000E+00,  0.000000E+00,  0.000000E+00
  2.265000E+03,  2.032729E-07,  0.000000E+00,  0.000000E+00,  0.000000E+00
  2.275000E+03,  2.173366E-07,  0.000000E+00,  0.000000E+00,  0.000000E+00
  2.285000E+03,  2.226216E-07,  0.000000E+00,  0.000000E+00,  0.000000E+00
  2.295000E+03,  2.096503E-07,  0.000000E+00,  0.000000E+00,  0.000000E+00
  2.305000E+03,  2.105941E-07,  0.000000E+00,  0.000000E+00,  0.000000E+00
  2.315000E+03,  2.073237E-07,  0.000000E+00,  0.000000E+00,  0.000000E+00
  2.325000E+03,  2.077177E-07,  0.000000E+00,  0.000000E+00,  0.000000E+00
  2.335000E+03,  1.996141E-07,  0.000000E+00,  0.000000E+00,  0.000000E+00
  2.345000E+03,  1.813894E-07,  0.000000E+00,  0.000000E+00,  0.000000E+00
  2.355000E+03,  2.071898E-07,  0.000000E+00,  0.000000E+00,  0.000000E+00
  2.365000E+03,  1.854648E-07,  0.000000E+00,  0.000000E+00,  0.000000E+00
  2.375000E+03,  1.999278E-07,  0.000000E+00,  0.000000E+00,  0.000000E+00
  2.385000E+03,  1.720666E-07,  0.000000E+00,  0.000000E+00,  0.000000E+00
  2.395000E+03,  1.892851E-07,  0.000000E+00,  0.000000E+00,  0.000000E+00
  2.405000E+03,  1.826148E-07,  0.000000E+00,  0.000000E+00,  0.000000E+00
  2.415000E+03,  1.877662E-07,  0.000000E+00,  0.000000E+00,  0.000000E+00
  2.425000E+03,  2.011658E-07,  0.000000E+00,  0.000000E+00,  0.000000E+00
  2.435000E+03,  1.946638E-07,  0.000000E+00,  0.000000E+00,  0.000000E+00
  2.445000E+03,  2.050847E-07,  0.000000E+00,  0.000000E+00,  0.000000E+00
  2.455000E+03,  1.989500E-07,  0.000000E+00,  0.000000E+00,  0.000000E+00
  2.465000E+03,  1.973040E-07,  0.000000E+00,  0.000000E+00,  0.000000E+00
  2.475000E+03,  1.901995E-07,  0.000000E+00,  0.000000E+00,  0.000000E+00
  2.485000E+03,  1.997696E-07,  0.000000E+00,  0.000000E+00,  0.000000E+00
  2.495000E+03,  1.949548E-07,  0.000000E+00,  0.000000E+00,  0.000000E+00
  2.505000E+03,  2.107743E-07,  0.000000E+00,  0.000000E+00,  0.000000E+00
  2.513000E+03,  1.947782E-07,  0.000000E+00,  0.000000E+00,  0.000000E+00
  2.518000E+03,  1.972027E-07,  0.000000E+00,  0.000000E+00,  0.000000E+00
  2.525000E+03,  1.854831E-07,  0.000000E+00,  0.000000E+00,  0.000000E+00
  2.535000E+03,  1.824168E-07,  0.000000E+00,  0.000000E+00,  0.000000E+00
  2.545000E+03,  1.850384E-07,  0.000000E+00,  0.000000E+00,  0.000000E+00
  2.555000E+03,  1.953275E-07,  0.000000E+00,  0.000000E+00,  0.000000E+00
  2.565000E+03,  1.948815E-07,  0.000000E+00,  0.000000E+00,  0.000000E+00
  2.575000E+03,  2.058533E-07,  0.000000E+00,  0.000000E+00,  0.000000E+00
  2.585000E+03,  2.054696E-07,  0.000000E+00,  0.000000E+00,  0.000000E+00
  2.595000E+03,  2.026452E-07,  0.000000E+00,  0.000000E+00,  0.000000E+00
  2.605000E+03,  1.949321E-07,  0.000000E+00,  0.000000E+00,  0.000000E+00
  2.615000E+03,  1.934117E-07,  0.000000E+00,  0.000000E+00,  0.000000E+00
  2.625000E+03,  2.033181E-07,  0.000000E+00,  0.000000E+00,  0.000000E+00
  2.635000E+03,  2.054609E-07,  0.000000E+00,  0.000000E+00,  0.000000E+00
  2.645000E+03,  2.250280E-07,  0.000000E+00,  0.000000E+00,  0.000000E+00
  2.655000E+03,  2.229948E-07,  0.000000E+00,  0.000000E+00,  0.000000E+00
  2.665000E+03,  2.105815E-07,  0.000000E+00,  0.000000E+00,  0.000000E+00
  2.675000E+03,  2.164226E-07,  0.000000E+00,  0.000000E+00,  0.000000E+00
  2.685000E+03,  2.178204E-07,  0.000000E+00,  0.000000E+00,  0.000000E+00
  2.695000E+03,  2.093132E-07,  0.000000E+00,  0.000000E+00,  0.000000E+00
  2.705000E+03,  2.124337E-07,  0.000000E+00,  0.000000E+00,  0.000000E+00
  2.715000E+03,  2.045930E-07,  0.000000E+00,  0.000000E+00,  0.000000E+00
  2.725000E+03,  2.061942E-07,  0.000000E+00,  0.000000E+00,  0.000000E+00
  2.735000E+03,  2.184964E-07,  0.000000E+00,  0.000000E+00,  0.000000E+00
  2.745000E+03,  1.910781E-07,  0.000000E+00,  0.000000E+00,  0.000000E+00
  2.755000E+03,  1.954236E-07,  0.000000E+00,  0.000000E+00,  0.000000E+00
  2.765000E+03,  2.029777E-07,  0.000000E+00,  0.000000E+00,  0.000000E+00
  2.775000E+03,  2.145861E-07,  0.000000E+00,  0.000000E+00,  0.000000E+00
  2.785000E+03,  2.122208E-07,  0.000000E+00,  0.000000E+00,  0.000000E+00
  2.795000E+03,  1.688895E-07,  0.000000E+00,  0.000000E+00,  0.000000E+00
  2.805000E+03,  1.856229E-07,  0.000000E+00,  0.000000E+00,  0.000000E+00
  2.815000E+03,  2.200478E-07,  0.000000E+00,  0.000000E+00,  0.000000E+00
  2.825000E+03,  2.199622E-07,  0.000000E+00,  0.000000E+00,  0.000000E+00
  2.835000E+03,  2.140553E-07,  0.000000E+00,  0.000000E+00,  0.000000E+00
  2.845000E+03,  2.096079E-07,  0.000000E+00,  0.000000E+00,  0.000000E+00
  2.855000E+03,  2.039910E-07,  0.000000E+00,  0.000000E+00,  0.000000E+00
  2.865000E+03,  2.122555E-07,  0.000000E+00,  0.000000E+00,  0.000000E+00
  2.875000E+03,  2.088442E-07,  0.000000E+00,  0.000000E+00,  0.000000E+00
  2.885000E+03,  2.138525E-07,  0.000000E+00,  0.000000E+00,  0.000000E+00
  2.895000E+03,  2.091473E-07,  0.000000E+00,  0.000000E+00,  0.000000E+00
  2.910000E+03,  2.236088E-07,  0.000000E+00,  0.000000E+00,  0.000000E+00
  2.930000E+03,  2.177524E-07,  0.000000E+00,  0.000000E+00,  0.000000E+00
  2.950000E+03,  2.173784E-07,  0.000000E+00,  0.000000E+00,  0.000000E+00
  2.970000E+03,  2.198368E-07,  0.000000E+00,  0.000000E+00,  0.000000E+00
  2.990000E+03,  2.212749E-07,  0.000000E+00,  0.000000E+00,  0.000000E+00
  3.010000E+03,  2.243885E-07,  0.000000E+00,  0.000000E+00,  0.000000E+00
  3.030000E+03,  2.240329E-07,  0.000000E+00,  0.000000E+00,  0.000000E+00
  3.050000E+03,  2.227950E-07,  0.000000E+00,  0.000000E+00,  0.000000E+00
  3.070000E+03,  2.206520E-07,  0.000000E+00,  0.000000E+00,  0.000000E+00
  3.090000E+03,  2.240180E-07,  0.000000E+00,  0.000000E+00,  0.000000E+00
  3.110000E+03,  2.209753E-07,  0.000000E+00,  0.000000E+00,  0.000000E+00
  3.130000E+03,  2.197742E-07,  0.000000E+00,  0.000000E+00,  0.000000E+00
  3.150000E+03,  2.223431E-07,  0.000000E+00,  0.000000E+00,  0.000000E+00
  3.170000E+03,  2.219222E-07,  0.000000E+00,  0.000000E+00,  0.000000E+00
  3.190000E+03,  2.163912E-07,  0.000000E+00,  0.000000E+00,  0.000000E+00
  3.210000E+03,  2.201193E-07,  0.000000E+00,  0.000000E+00,  0.000000E+00
  3.230000E+03,  2.170090E-07,  0.000000E+00,  0.000000E+00,  0.000000E+00
  3.250000E+03,  2.193238E-07,  0.000000E+00,  0.000000E+00,  0.000000E+00
  3.270000E+03,  2.204391E-07,  0.000000E+00,  0.000000E+00,  0.000000E+00
  3.290000E+03,  2.223399E-07,  0.000000E+00,  0.000000E+00,  0.000000E+00
  3.310000E+03,  2.230924E-07,  0.000000E+00,  0.000000E+00,  0.000000E+00
  3.330000E+03,  2.199435E-07,  0.000000E+00,  0.000000E+00,  0.000000E+00
  3.350000E+03,  2.171508E-07,  0.000000E+00,  0.000000E+00,  0.000000E+00
  3.370000E+03,  2.183631E-07,  0.000000E+00,  0.000000E+00,  0.000000E+00
  3.390000E+03,  2.174972E-07,  0.000000E+00,  0.000000E+00,  0.000000E+00
  3.410000E+03,  2.208147E-07,  0.000000E+00,  0.000000E+00,  0.000000E+00
  3.430000E+03,  2.207602E-07,  0.000000E+00,  0.000000E+00,  0.000000E+00
  3.450000E+03,  2.202482E-07,  0.000000E+00,  0.000000E+00,  0.000000E+00
  3.470000E+03,  2.185924E-07,  0.000000E+00,  0.000000E+00,  0.000000E+00
  3.490000E+03,  2.183304E-07,  0.000000E+00,  0.000000E+00,  0.000000E+00
  3.510000E+03,  2.199579E-07,  0.000000E+00,  0.000000E+00,  0.000000E+00
  3.530000E+03,  2.206602E-07,  0.000000E+00,  0.000000E+00,  0.000000E+00
  3.550000E+03,  2.206891E-07,  0.000000E+00,  0.000000E+00,  0.000000E+00
  3.570000E+03,  2.183315E-07,  0.000000E+00,  0.000000E+00,  0.000000E+00
  3.590000E+03,  2.180009E-07,  0.000000E+00,  0.000000E+00,  0.000000E+00
  3.610000E+03,  2.179454E-07,  0.000000E+00,  0.000000E+00,  0.000000E+00
  3.630000E+03,  2.177340E-07,  0.000000E+00,  0.000000E+00,  0.000000E+00
  3.640000E+03,  2.168790E-07,  0.000000E+00,  0.000000E+00,  0.000000E+00
  3.650000E+03,  2.195198E-07,  0.000000E+00,  0.000000E+00,  0.000000E+00
  3.670000E+03,  2.162533E-07,  0.000000E+00,  0.000000E+00,  0.000000E+00
  3.690000E+03,  2.228350E-07,  0.000000E+00,  0.000000E+00,  0.000000E+00
  3.710000E+03,  2.823755E-07,  3.106131E-09,  0.000000E+00,  0.000000E+00
  3.730000E+03,  3.686439E-07,  1.216525E-08,  0.000000E+00,  0.000000E+00
  3.750000E+03,  5.748100E-07,  3.161455E-08,  0.000000E+00,  0.000000E+00
  3.770000E+03,  6.011969E-07,  4.629216E-08,  0.000000E+00,  0.000000E+00
  3.790000E+03,  7.229875E-07,  7.157576E-08,  0.000000E+00,  0.000000E+00
  3.810000E+03,  8.131906E-07,  1.223852E-07,  0.000000E+00,  0.000000E+00
  3.830000E+03,  6.441236E-07,  1.491146E-07,  0.000000E+00,  0.000000E+00
  3.850000E+03,  8.627986E-07,  2.696246E-07,  0.000000E+00,  0.000000E+00
  3.870000E+03,  9.153408E-07,  3.601866E-07,  0.000000E+00,  0.000000E+00
  3.890000E+03,  5.814301E-07,  2.758886E-07,  0.000000E+00,  0.000000E+00
  3.910000E+03,  8.929405E-07,  4.960284E-07,  0.000000E+00,  0.000000E+00
  3.930000E+03,  8.694383E-07,  5.533974E-07,  0.000000E+00,  0.000000E+00
  3.950000E+03,  8.847585E-07,  6.348142E-07,  0.000000E+00,  0.000000E+00
  3.970000E+03,  5.463688E-07,  4.362755E-07,  0.000000E+00,  0.000000E+00
  3.990000E+03,  8.564695E-07,  7.532649E-07,  0.000000E+00,  0.000000E+00
  4.010000E+03,  8.700901E-07,  8.039633E-07,  0.000000E+00,  0.000000E+00
  4.030000E+03,  8.595456E-07,  8.010965E-07,  0.000000E+00,  0.000000E+00
  4.050000E+03,  8.494921E-07,  7.985226E-07,  0.000000E+00,  0.000000E+00
  4.070000E+03,  8.276864E-07,  7.846467E-07,  0.000000E+00,  0.000000E+00
  4.090000E+03,  7.320617E-07,  6.998510E-07,  0.000000E+00,  0.000000E+00
  4.110000E+03,  5.660553E-07,  5.456773E-07,  0.000000E+00,  0.000000E+00
  4.130000E+03,  7.974458E-07,  7.751173E-07,  0.000000E+00,  0.000000E+00
  4.150000E+03,  7.993647E-07,  7.833774E-07,  0.000000E+00,  0.000000E+00
  4.170000E+03,  7.861453E-07,  7.767115E-07,  0.000000E+00,  0.000000E+00
  4.190000E+03,  7.790016E-07,  7.758856E-07,  0.000000E+00,  0.000000E+00
  4.210000E+03,  7.689172E-07,  7.666104E-07,  0.000000E+00,  0.000000E+00
  4.230000E+03,  7.556544E-07,  7.488535E-07,  0.000000E+00,  0.000000E+00
  4.250000E+03,  7.468844E-07,  7.356811E-07,  0.000000E+00,  0.000000E+00
  4.270000E+03,  7.381449E-07,  7.226439E-07,  0.000000E+00,  0.000000E+00
  4.290000E+03,  7.280862E-07,  7.084279E-07,  0.000000E+00,  0.000000E+00
  4.310000E+03,  7.046748E-07,  6.814205E-07,  0.000000E+00,  0.000000E+00
  4.330000E+03,  5.987742E-07,  5.754220E-07,  0.000000E+00,  0.000000E+00
  4.350000E+03,  5.094125E-07,  4.864889E-07,  0.000000E+00,  0.000000E+00
  4.370000E+03,  6.897721E-07,  6.545937E-07,  0.000000E+00,  0.000000E+00
  4.390000E+03,  6.807520E-07,  6.419491E-07,  0.000000E+00,  0.000000E+00
  4.410000E+03,  6.746263E-07,  6.290891E-07,  0.000000E+00,  0.000000E+00
  4.430000E+03,  6.729598E-07,  6.174406E-07,  0.000000E+00,  0.000000E+00
  4.450000E+03,  6.638997E-07,  5.991695E-07,  0.000000E+00,  0.000000E+00
  4.470000E+03,  6.556896E-07,  5.819245E-07,  0.000000E+00,  0.000000E+00
  4.490000E+03,  6.436683E-07,  5.616006E-07,  0.000000E+00,  0.000000E+00
  4.510000E+03,  6.382642E-07,  5.473115E-07,  0.000000E+00,  0.000000E+00
  4.530000E+03,  6.297139E-07,  5.305339E-07,  0.000000E+00,  0.000000E+00
  4.550000E+03,  6.169191E-07,  5.105005E-07,  0.000000E+00,  0.000000E+00
  4.570000E+03,  6.167383E-07,  5.010999E-07,  0.000000E+00,  0.000000E+00
  4.590000E+03,  6.073926E-07,  4.843956E-07,  0.000000E+00,  0.000000E+00
  4.610000E+03,  6.070659E-07,  4.732079E-07,  0.000000E+00,  0.000000E+00
  4.630000E+03,  5.948321E-07,  4.511802E-07,  0.000000E+00,  0.000000E+00
  4.650000E+03,  5.927995E-07,  4.371897E-07,  0.000000E+00,  0.000000E+00
  4.670000E+03,  5.854558E-07,  4.194791E-07,  0.000000E+00,  0.000000E+00
  4.690000E+03,  5.779331E-07,  4.019525E-07,  0.000000E+00,  0.000000E+00
  4.710000E+03,  5.660448E-07,  3.817972E-07,  0.000000E+00,  0.000000E+00
  4.730000E+03,  5.657033E-07,  3.696871E-07,  0.000000E+00,  0.000000E+00
  4.750000E+03,  5.597001E-07,  3.540103E-07,  0.000000E+00,  0.000000E+00
  4.770000E+03,  5.529974E-07,  3.381579E-07,  0.000000E+00,  0.000000E+00
  4.790000E+03,  5.464104E-07,  3.226554E-07,  0.000000E+00,  0.000000E+00
  4.810000E+03,  5.384325E-07,  3.063681E-07,  0.000000E+00,  0.000000E+00
  4.830000E+03,  5.275120E-07,  2.885491E-07,  0.000000E+00,  0.000000E+00
  4.850000E+03,  4.532736E-07,  2.379687E-07,  0.000000E+00,  0.000000E+00
  4.870000E+03,  3.655905E-07,  1.838920E-07,  0.000000E+00,  0.000000E+00
  4.890000E+03,  5.062256E-07,  2.434945E-07,  0.000000E+00,  0.000000E+00
  4.910000E+03,  5.083258E-07,  2.333215E-07,  0.000000E+00,  0.000000E+00
  4.930000E+03,  5.006548E-07,  2.187862E-07,  0.000000E+00,  0.000000E+00
  4.950000E+03,  4.990022E-07,  2.070859E-07,  0.000000E+00,  0.000000E+00
  4.970000E+03,  4.941592E-07,  1.942046E-07,  0.000000E+00,  0.000000E+00
  4.990000E+03,  4.880553E-07,  1.810685E-07,  0.000000E+00,  0.000000E+00
  5.010000E+03,  4.791760E-07,  1.674720E-07,  0.000000E+00,  0.000000E+00
  5.030000E+03,  4.772568E-07,  1.567789E-07,  0.000000E+00,  0.000000E+00
  5.050000E+03,  4.712694E-07,  1.449153E-07,  0.000000E+00,  0.000000E+00
  5.070000E+03,  4.673326E-07,  1.338908E-07,  0.000000E+00,  0.000000E+00
  5.090000E+03,  4.622111E-07,  1.227171E-07,  0.000000E+00,  0.000000E+00
  5.110000E+03,  4.571657E-07,  1.117770E-07,  0.000000E+00,  0.000000E+00
  5.130000E+03,  4.518370E-07,  1.009856E-07,  0.000000E+00,  0.000000E+00
  5.150000E+03,  4.467924E-07,  9.047545E-08,  0.000000E+00,  0.000000E+00
  5.170000E+03,  4.372881E-07,  7.936780E-08,  0.000000E+00,  0.000000E+00
  5.190000E+03,  4.336162E-07,  6.959540E-08,  0.000000E+00,  0.000000E+00
  5.210000E+03,  4.324651E-07,  6.249120E-08,  0.000000E+00,  0.000000E+00
  5.230000E+03,  4.254024E-07,  5.679121E-08,  0.000000E+00,  0.000000E+00
  5.250000E+03,  4.236945E-07,  5.190258E-08,  0.000000E+00,  0.000000E+00
  5.270000E+03,  4.163716E-07,  4.642543E-08,  0.000000E+00,  0.000000E+00
  5.290000E+03,  4.147053E-07,  4.167788E-08,  0.000000E+00,  0.000000E+00
  5.310000E+03,  4.083409E-07,  3.654651E-08,  0.000000E+00,  0.000000E+00
  5.330000E+03,  4.050040E-07,  3.179281E-08,  0.000000E+00,  0.000000E+00
  5.350000E+03,  4.021641E-07,  2.714608E-08,  0.000000E+00,  0.000000E+00
  5.370000E+03,  3.973781E-07,  2.245186E-08,  0.000000E+00,  0.000000E+00
  5.390000E+03,  3.934818E-07,  1.790342E-08,  0.000000E+00,  0.000000E+00
  5.410000E+03,  3.890731E-07,  1.478478E-08,  0.000000E+00,  0.000000E+00
  5.430000E+03,  3.850793E-07,  1.309270E-08,  0.000000E+00,  0.000000E+00
  5.450000E+03,  3.816021E-07,  1.144806E-08,  0.000000E+00,  0.000000E+00
  5.470000E+03,  3.776817E-07,  9.819724E-09,  0.000000E+00,  0.000000E+00
  5.490000E+03,  3.739672E-07,  8.227279E-09,  0.000000E+00,  0.000000E+00
  5.510000E+03,  3.700627E-07,  6.661129E-09,  0.000000E+00,  0.000000E+00
  5.530000E+03,  3.658341E-07,  5.121677E-09,  0.000000E+00,  0.000000E+00
  5.550000E+03,  3.627532E-07,  3.627532E-09,  0.000000E+00,  0.000000E+00
  5.570000E+03,  3.589591E-07,  2.153755E-09,  0.000000E+00,  0.000000E+00
  5.590000E+03,  3.553497E-07,  7.106994E-10,  0.000000E+00,  0.000000E+00
  5.610000E+03,  3.518356E-07,  0.000000E+00,  0.000000E+00,  0.000000E+00
  5.630000E+03,  3.483510E-07,  0.000000E+00,  0.000000E+00,  0.000000E+00
  5.650000E+03,  3.447052E-07,  0.000000E+00,  0.000000E+00,  0.000000E+00
  5.670000E+03,  3.412901E-07,  0.000000E+00,  0.000000E+00,  0.000000E+00
  5.690000E+03,  3.380105E-07,  0.000000E+00,  0.000000E+00,  0.000000E+00
  5.710000E+03,  3.346785E-07,  0.000000E+00,  0.000000E+00,  0.000000E+00
  5.730000E+03,  3.314037E-07,  0.000000E+00,  0.000000E+00,  0.000000E+00
  5.750000E+03,  3.281026E-07,  0.000000E+00,  0.000000E+00,  0.000000E+00
  5.770000E+03,  3.248860E-07,  0.000000E+00,  0.000000E+00,  0.000000E+00
  5.790000E+03,  3.216797E-07,  0.000000E+00,  0.000000E+00,  0.000000E+00
  5.810000E+03,  3.185427E-07,  0.000000E+00,  0.000000E+00,  0.000000E+00
  5.830000E+03,  3.154194E-07,  0.000000E+00,  0.000000E+00,  0.000000E+00
  5.850000E+03,  3.123749E-07,  0.000000E+00,  0.000000E+00,  0.000000E+00
  5.870000E+03,  3.091531E-07,  0.000000E+00,  0.000000E+00,  0.000000E+00
  5.890000E+03,  3.052270E-07,  0.000000E+00,  0.000000E+00,  0.000000E+00
  5.910000E+03,  3.033768E-07,  0.000000E+00,  0.000000E+00,  0.000000E+00
  5.930000E+03,  3.004649E-07,  0.000000E+00,  0.000000E+00,  0.000000E+00
  5.950000E+03,  2.975219E-07,  0.000000E+00,  0.000000E+00,  0.000000E+00
  5.970000E+03,  2.947265E-07,  0.000000E+00,  0.000000E+00,  0.000000E+00
  5.990000E+03,  2.917992E-07,  0.000000E+00,  0.000000E+00,  0.000000E+00
  6.010000E+03,  2.890794E-07,  0.000000E+00,  0.000000E+00,  0.000000E+00
  6.030000E+03,  2.863838E-07,  0.000000E+00,  0.000000E+00,  0.000000E+00
  6.050000E+03,  2.836705E-07,  0.000000E+00,  0.000000E+00,  0.000000E+00
  6.070000E+03,  2.810214E-07,  0.000000E+00,  0.000000E+00,  0.000000E+00
  6.090000E+03,  2.783575E-07,  0.000000E+00,  0.000000E+00,  0.000000E+00
  6.110000E+03,  2.757335E-07,  0.000000E+00,  0.000000E+00,  0.000000E+00
  6.130000E+03,  2.731078E-07,  0.000000E+00,  0.000000E+00,  0.000000E+00
  6.150000E+03,  2.699946E-07,  0.000000E+00,  0.000000E+00,  0.000000E+00
  6.170000E+03,  2.680328E-07,  0.000000E+00,  0.000000E+00,  0.000000E+00
  6.190000E+03,  2.656186E-07,  0.000000E+00,  0.000000E+00,  0.000000E+00
  6.210000E+03,  2.631728E-07,  0.000000E+00,  0.000000E+00,  0.000000E+00
  6.230000E+03,  2.607039E-07,  0.000000E+00,  0.000000E+00,  0.000000E+00
  6.250000E+03,  2.577322E-07,  0.000000E+00,  0.000000E+00,  0.000000E+00
  6.270000E+03,  2.559912E-07,  0.000000E+00,  0.000000E+00,  0.000000E+00
  6.290000E+03,  2.536372E-07,  0.000000E+00,  0.000000E+00,  0.000000E+00
  6.310000E+03,  2.512084E-07,  0.000000E+00,  0.000000E+00,  0.000000E+00
  6.330000E+03,  2.490050E-07,  0.000000E+00,  0.000000E+00,  0.000000E+00
  6.350000E+03,  2.461448E-07,  0.000000E+00,  0.000000E+00,  0.000000E+00
  6.370000E+03,  2.441275E-07,  0.000000E+00,  0.000000E+00,  0.000000E+00
  6.390000E+03,  2.422762E-07,  0.000000E+00,  0.000000E+00,  0.000000E+00
  6.410000E+03,  2.399919E-07,  0.000000E+00,  0.000000E+00,  0.000000E+00
  6.430000E+03,  2.379074E-07,  0.000000E+00,  0.000000E+00,  0.000000E+00
  6.450000E+03,  2.353838E-07,  0.000000E+00,  0.000000E+00,  0.000000E+00
  6.470000E+03,  2.336762E-07,  0.000000E+00,  0.000000E+00,  0.000000E+00
  6.490000E+03,  2.310074E-07,  0.000000E+00,  0.000000E+00,  0.000000E+00
  6.510000E+03,  2.284271E-07,  0.000000E+00,  0.000000E+00,  0.000000E+00
  6.530000E+03,  2.244934E-07,  0.000000E+00,  0.000000E+00,  0.000000E+00
  6.550000E+03,  2.038990E-07,  0.000000E+00,  0.000000E+00,  0.000000E+00
  6.570000E+03,  1.618236E-07,  0.000000E+00,  0.000000E+00,  0.000000E+00
  6.590000E+03,  2.154783E-07,  0.000000E+00,  0.000000E+00,  0.000000E+00
  6.610000E+03,  2.180737E-07,  0.000000E+00,  0.000000E+00,  0.000000E+00
  6.630000E+03,  2.170394E-07,  0.000000E+00,  0.000000E+00,  0.000000E+00
  6.650000E+03,  2.156973E-07,  0.000000E+00,  0.000000E+00,  0.000000E+00
  6.670000E+03,  2.138560E-07,  0.000000E+00,  0.000000E+00,  0.000000E+00
  6.690000E+03,  2.120309E-07,  0.000000E+00,  0.000000E+00,  0.000000E+00
  6.710000E+03,  2.102072E-07,  0.000000E+00,  0.000000E+00,  0.000000E+00
  6.730000E+03,  2.083552E-07,  0.000000E+00,  0.000000E+00,  0.000000E+00
  6.750000E+03,  2.065701E-07,  0.000000E+00,  0.000000E+00,  0.000000E+00
  6.770000E+03,  2.048218E-07,  0.000000E+00,  0.000000E+00,  0.000000E+00
  6.790000E+03,  2.030520E-07,  0.000000E+00,  0.000000E+00,  0.000000E+00
  6.810000E+03,  2.013175E-07,  0.000000E+00,  0.000000E+00,  0.000000E+00
  6.830000E+03,  1.995610E-07,  0.000000E+00,  0.000000E+00,  0.000000E+00
  6.850000E+03,  1.978766E-07,  0.000000E+00,  0.000000E+00,  0.000000E+00
  6.870000E+03,  1.961999E-07,  0.000000E+00,  0.000000E+00,  0.000000E+00
  6.890000E+03,  1.945394E-07,  0.000000E+00,  0.000000E+00,  0.000000E+00
  6.910000E+03,  1.928868E-07,  0.000000E+00,  0.000000E+00,  0.000000E+00
  6.930000E+03,  1.912526E-07,  0.000000E+00,  0.000000E+00,  0.000000E+00
  6.950000E+03,  1.896429E-07,  0.000000E+00,  0.000000E+00,  0.000000E+00
  6.970000E+03,  1.880461E-07,  0.000000E+00,  0.000000E+00,  0.000000E+00
  6.990000E+03,  1.864741E-07,  0.000000E+00,  0.000000E+00,  0.000000E+00
  7.010000E+03,  1.848558E-07,  0.000000E+00,  0.000000E+00,  0.000000E+00
  7.030000E+03,  1.833522E-07,  0.000000E+00,  0.000000E+00,  0.000000E+00
  7.050000E+03,  1.818299E-07,  0.000000E+00,  0.000000E+00,  0.000000E+00
  7.070000E+03,  1.803247E-07,  0.000000E+00,  0.000000E+00,  0.000000E+00
  7.090000E+03,  1.788400E-07,  0.000000E+00,  0.000000E+00,  0.000000E+00
  7.110000E+03,  1.771173E-07,  0.000000E+00,  0.000000E+00,  0.000000E+00
  7.130000E+03,  1.758540E-07,  0.000000E+00,  0.000000E+00,  0.000000E+00
  7.150000E+03,  1.744150E-07,  0.000000E+00,  0.000000E+00,  0.000000E+00
  7.170000E+03,  1.729999E-07,  0.000000E+00,  0.000000E+00,  0.000000E+00
  7.190000E+03,  1.715633E-07,  0.000000E+00,  0.000000E+00,  0.000000E+00
  7.210000E+03,  1.701613E-07,  0.000000E+00,  0.000000E+00,  0.000000E+00
  7.230000E+03,  1.687487E-07,  0.000000E+00,  0.000000E+00,  0.000000E+00
  7.250000E+03,  1.673980E-07,  0.000000E+00,  0.000000E+00,  0.000000E+00
  7.270000E+03,  1.660556E-07,  0.000000E+00,  0.000000E+00,  0.000000E+00
  7.290000E+03,  1.646816E-07,  0.000000E+00,  0.000000E+00,  0.000000E+00
  7.310000E+03,  1.633167E-07,  0.000000E+00,  0.000000E+00,  0.000000E+00
  7.330000E+03,  1.620287E-07,  0.000000E+00,  0.000000E+00,  0.000000E+00
  7.350000E+03,  1.607464E-07,  0.000000E+00,  0.000000E+00,  0.000000E+00
  7.370000E+03,  1.594682E-07,  0.000000E+00,  0.000000E+00,  0.000000E+00
  7.390000E+03,  1.581749E-07,  0.000000E+00,  0.000000E+00,  0.000000E+00
  7.410000E+03,  1.568860E-07,  0.000000E+00,  0.000000E+00,  0.000000E+00
  7.430000E+03,  1.556023E-07,  0.000000E+00,  0.000000E+00,  0.000000E+00
  7.450000E+03,  1.543795E-07,  0.000000E+00,  0.000000E+00,  0.000000E+00
  7.470000E+03,  1.530589E-07,  0.000000E+00,  0.000000E+00,  0.000000E+00
  7.490000E+03,  1.519124E-07,  0.000000E+00,  0.000000E+00,  0.000000E+00
  7.510000E+03,  1.507306E-07,  0.000000E+00,  0.000000E+00,  0.000000E+00
  7.530000E+03,  1.495721E-07,  0.000000E+00,  0.000000E+00,  0.000000E+00
  7.550000E+03,  1.484141E-07,  0.000000E+00,  0.000000E+00,  0.000000E+00
  7.570000E+03,  1.472372E-07,  0.000000E+00,  0.000000E+00,  0.000000E+00
  7.590000E+03,  1.460904E-07,  0.000000E+00,  0.000000E+00,  0.000000E+00
  7.610000E+03,  1.449485E-07,  0.000000E+00,  0.000000E+00,  0.000000E+00
  7.630000E+03,  1.438124E-07,  0.000000E+00,  0.000000E+00,  0.000000E+00
  7.650000E+03,  1.426733E-07,  0.000000E+00,  0.000000E+00,  0.000000E+00
  7.670000E+03,  1.415619E-07,  0.000000E+00,  0.000000E+00,  0.000000E+00
  7.690000E+03,  1.404812E-07,  0.000000E+00,  0.000000E+00,  0.000000E+00
  7.710000E+03,  1.393441E-07,  0.000000E+00,  0.000000E+00,  0.000000E+00
  7.730000E+03,  1.383179E-07,  0.000000E+00,  0.000000E+00,  0.000000E+00
  7.750000E+03,  1.372503E-07,  0.000000E+00,  0.000000E+00,  0.000000E+00
  7.770000E+03,  1.347343E-07,  0.000000E+00,  0.000000E+00,  0.000000E+00
  7.790000E+03,  1.351532E-07,  0.000000E+00,  0.000000E+00,  0.000000E+00
  7.810000E+03,  1.341158E-07,  0.000000E+00,  0.000000E+00,  0.000000E+00
  7.830000E+03,  1.330732E-07,  0.000000E+00,  0.000000E+00,  0.000000E+00
  7.850000E+03,  1.320353E-07,  0.000000E+00,  0.000000E+00,  0.000000E+00
  7.870000E+03,  1.309423E-07,  0.000000E+00,  0.000000E+00,  0.000000E+00
  7.890000E+03,  1.298680E-07,  0.000000E+00,  0.000000E+00,  0.000000E+00
  7.910000E+03,  1.290552E-07,  0.000000E+00,  0.000000E+00,  0.000000E+00
  7.930000E+03,  1.280857E-07,  0.000000E+00,  0.000000E+00,  0.000000E+00
  7.950000E+03,  1.270766E-07,  0.000000E+00,  0.000000E+00,  0.000000E+00
  7.970000E+03,  1.261864E-07,  0.000000E+00,  0.000000E+00,  0.000000E+00
  7.990000E+03,  1.250386E-07,  0.000000E+00,  0.000000E+00,  0.000000E+00
  8.010000E+03,  1.242868E-07,  0.000000E+00,  0.000000E+00,  0.000000E+00
  8.030000E+03,  1.233503E-07,  0.000000E+00,  0.000000E+00,  0.000000E+00
  8.050000E+03,  1.224357E-07,  0.000000E+00,  0.000000E+00,  0.000000E+00
  8.070000E+03,  1.215146E-07,  0.000000E+00,  0.000000E+00,  0.000000E+00
  8.090000E+03,  1.206129E-07,  0.000000E+00,  0.000000E+00,  0.000000E+00
  8.110000E+03,  1.197217E-07,  0.000000E+00,  0.000000E+00,  0.000000E+00
  8.130000E+03,  1.188388E-07,  0.000000E+00,  0.000000E+00,  0.000000E+00
  8.150000E+03,  1.179591E-07,  0.000000E+00,  0.000000E+00,  0.000000E+00
  8.170000E+03,  1.170881E-07,  0.000000E+00,  0.000000E+00,  0.000000E+00
  8.190000E+03,  1.160871E-07,  0.000000E+00,  0.000000E+00,  0.000000E+00
  8.210000E+03,  1.157247E-07,  0.000000E+00,  0.000000E+00,  0.000000E+00
  8.230000E+03,  1.149346E-07,  0.000000E+00,  0.000000E+00,  0.000000E+00
  8.250000E+03,  1.140983E-07,  0.000000E+00,  0.000000E+00,  0.000000E+00
  8.270000E+03,  1.135439E-07,  0.000000E+00,  0.000000E+00,  0.000000E+00
  8.290000E+03,  1.126992E-07,  0.000000E+00,  0.000000E+00,  0.000000E+00
  8.310000E+03,  1.117320E-07,  0.000000E+00,  0.000000E+00,  0.000000E+00
  8.330000E+03,  1.103935E-07,  0.000000E+00,  0.000000E+00,  0.000000E+00
  8.350000E+03,  1.097010E-07,  0.000000E+00,  0.000000E+00,  0.000000E+00
  8.370000E+03,  1.075891E-07,  0.000000E+00,  0.000000E+00,  0.000000E+00
  8.390000E+03,  1.069332E-07,  0.000000E+00,  0.000000E+00,  0.000000E+00
  8.410000E+03,  1.056490E-07,  0.000000E+00,  0.000000E+00,  0.000000E+00
  8.430000E+03,  1.072055E-07,  0.000000E+00,  0.000000E+00,  0.000000E+00
  8.450000E+03,  1.063753E-07,  0.000000E+00,  0.000000E+00,  0.000000E+00
  8.470000E+03,  1.010511E-07,  0.000000E+00,  0.000000E+00,  0.000000E+00
  8.490000E+03,  1.109405E-07,  0.000000E+00,  0.000000E+00,  0.000000E+00
  8.510000E+03,  9.912847E-08,  0.000000E+00,  0.000000E+00,  0.000000E+00
  8.530000E+03,  1.128215E-07,  0.000000E+00,  0.000000E+00,  0.000000E+00
  8.550000E+03,  9.549720E-08,  0.000000E+00,  0.000000E+00,  0.000000E+00
  8.570000E+03,  1.151369E-07,  0.000000E+00,  0.000000E+00,  0.000000E+00
  8.590000E+03,  1.058113E-07,  0.000000E+00,  0.000000E+00,  0.000000E+00
  8.610000E+03,  1.023098E-07,  0.000000E+00,  0.000000E+00,  0.000000E+00
  8.630000E+03,  1.182268E-07,  0.000000E+00,  0.000000E+00,  0.000000E+00
  8.650000E+03,  1.147617E-07,  0.000000E+00,  0.000000E+00,  0.000000E+00
  8.670000E+03,  9.136008E-08,  0.000000E+00,  0.000000E+00,  0.000000E+00
  8.690000E+03,  1.176106E-07,  0.000000E+00,  0.000000E+00,  0.000000E+00
  8.710000E+03,  1.199758E-07,  0.000000E+00,  0.000000E+00,  0.000000E+00
  8.730000E+03,  1.164950E-07,  0.000000E+00,  0.000000E+00,  0.000000E+00
  8.750000E+03,  8.963770E-08,  0.000000E+00,  0.000000E+00,  0.000000E+00
  8.770000E+03,  1.112564E-07,  0.000000E+00,  0.000000E+00,  0.000000E+00
  8.790000E+03,  1.168801E-07,  0.000000E+00,  0.000000E+00,  0.000000E+00
  8.810000E+03,  1.164308E-07,  0.000000E+00,  0.000000E+00,  0.000000E+00
  8.830000E+03,  1.148227E-07,  0.000000E+00,  0.000000E+00,  0.000000E+00
  8.850000E+03,  1.059151E-07,  0.000000E+00,  0.000000E+00,  0.000000E+00
  8.870000E+03,  8.736039E-08,  0.000000E+00,  0.000000E+00,  0.000000E+00
  8.890000E+03,  1.106950E-07,  0.000000E+00,  0.000000E+00,  0.000000E+00
  8.910000E+03,  1.119611E-07,  0.000000E+00,  0.000000E+00,  0.000000E+00
  8.930000E+03,  1.113848E-07,  0.000000E+00,  0.000000E+00,  0.000000E+00
  8.950000E+03,  1.110012E-07,  0.000000E+00,  0.000000E+00,  0.000000E+00
  8.970000E+03,  1.098904E-07,  0.000000E+00,  0.000000E+00,  0.000000E+00
  8.990000E+03,  1.073150E-07,  0.000000E+00,  0.000000E+00,  0.000000E+00
  9.010000E+03,  8.625772E-08,  0.000000E+00,  0.000000E+00,  0.000000E+00
  9.030000E+03,  9.591104E-08,  0.000000E+00,  0.000000E+00,  0.000000E+00
  9.050000E+03,  1.058685E-07,  0.000000E+00,  0.000000E+00,  0.000000E+00
  9.070000E+03,  1.053655E-07,  0.000000E+00,  0.000000E+00,  0.000000E+00
  9.090000E+03,  1.042462E-07,  0.000000E+00,  0.000000E+00,  0.000000E+00
  9.110000E+03,  1.046107E-07,  0.000000E+00,  0.000000E+00,  0.000000E+00
  9.130000E+03,  1.042238E-07,  0.000000E+00,  0.000000E+00,  0.000000E+00
  9.150000E+03,  1.034794E-07,  0.000000E+00,  0.000000E+00,  0.000000E+00
  9.170000E+03,  1.024646E-07,  0.000000E+00,  0.000000E+00,  0.000000E+00
  9.190000E+03,  1.011930E-07,  0.000000E+00,  0.000000E+00,  0.000000E+00
  9.210000E+03,  9.709548E-08,  0.000000E+00,  0.000000E+00,  0.000000E+00
  9.230000E+03,  7.540547E-08,  0.000000E+00,  0.000000E+00,  0.000000E+00
  9.250000E+03,  9.392298E-08,  0.000000E+00,  0.000000E+00,  0.000000E+00
  9.270000E+03,  9.724993E-08,  0.000000E+00,  0.000000E+00,  0.000000E+00
  9.290000E+03,  9.813388E-08,  0.000000E+00,  0.000000E+00,  0.000000E+00
  9.310000E+03,  9.772304E-08,  0.000000E+00,  0.000000E+00,  0.000000E+00
  9.330000E+03,  9.704735E-08,  0.000000E+00,  0.000000E+00,  0.000000E+00
  9.350000E+03,  9.638320E-08,  0.000000E+00,  0.000000E+00,  0.000000E+00
  9.370000E+03,  9.570865E-08,  0.000000E+00,  0.000000E+00,  0.000000E+00
  9.390000E+03,  9.494759E-08,  0.000000E+00,  0.000000E+00,  0.000000E+00
  9.410000E+03,  9.367295E-08,  0.000000E+00,  0.000000E+00,  0.000000E+00
  9.430000E+03,  9.365192E-08,  0.000000E+00,  0.000000E+00,  0.000000E+00
  9.450000E+03,  9.302143E-08,  0.000000E+00,  0.000000E+00,  0.000000E+00
  9.470000E+03,  9.232840E-08,  0.000000E+00,  0.000000E+00,  0.000000E+00
  9.490000E+03,  9.143471E-08,  0.000000E+00,  0.000000E+00,  0.000000E+00
  9.510000E+03,  9.021674E-08,  0.000000E+00,  0.000000E+00,  0.000000E+00
  9.530000E+03,  8.547032E-08,  0.000000E+00,  0.000000E+00,  0.000000E+00
  9.550000E+03,  6.820321E-08,  0.000000E+00,  0.000000E+00,  0.000000E+00
  9.570000E+03,  8.559973E-08,  0.000000E+00,  0.000000E+00,  0.000000E+00
  9.590000E+03,  8.789509E-08,  0.000000E+00,  0.000000E+00,  0.000000E+00
  9.610000E+03,  8.762070E-08,  0.000000E+00,  0.000000E+00,  0.000000E+00
  9.630000E+03,  8.697588E-08,  0.000000E+00,  0.000000E+00,  0.000000E+00
  9.650000E+03,  8.676361E-08,  0.000000E+00,  0.000000E+00,  0.000000E+00
  9.670000E+03,  8.582085E-08,  0.000000E+00,  0.000000E+00,  0.000000E+00
  9.690000E+03,  8.556526E-08,  0.000000E+00,  0.000000E+00,  0.000000E+00
  9.710000E+03,  8.501509E-08,  0.000000E+00,  0.000000E+00,  0.000000E+00
  9.730000E+03,  8.443164E-08,  0.000000E+00,  0.000000E+00,  0.000000E+00
  9.750000E+03,  8.383888E-08,  0.000000E+00,  0.000000E+00,  0.000000E+00
  9.770000E+03,  8.328651E-08,  0.000000E+00,  0.000000E+00,  0.000000E+00
  9.790000E+03,  8.271983E-08,  0.000000E+00,  0.000000E+00,  0.000000E+00
  9.810000E+03,  8.215436E-08,  0.000000E+00,  0.000000E+00,  0.000000E+00
  9.830000E+03,  8.158983E-08,  0.000000E+00,  0.000000E+00,  0.000000E+00
  9.850000E+03,  8.100616E-08,  0.000000E+00,  0.000000E+00,  0.000000E+00
  9.870000E+03,  8.047830E-08,  0.000000E+00,  0.000000E+00,  0.000000E+00
  9.890000E+03,  7.980017E-08,  0.000000E+00,  0.000000E+00,  0.000000E+00
  9.910000E+03,  7.940526E-08,  0.000000E+00,  0.000000E+00,  0.000000E+00
  9.930000E+03,  7.883480E-08,  0.000000E+00,  0.000000E+00,  0.000000E+00
  9.950000E+03,  7.833877E-08,  0.000000E+00,  0.000000E+00,  0.000000E+00
  9.970000E+03,  7.780135E-08,  0.000000E+00,  0.000000E+00,  0.000000E+00
  9.990000E+03,  7.706876E-08,  0.000000E+00,  0.000000E+00,  0.000000E+00
  1.002500E+04,  7.230858E-08,  0.000000E+00,  0.000000E+00,  0.000000E+00
  1.007500E+04,  6.868096E-08,  0.000000E+00,  0.000000E+00,  0.000000E+00
  1.012500E+04,  7.368575E-08,  0.000000E+00,  0.000000E+00,  0.000000E+00
  1.017500E+04,  7.268987E-08,  0.000000E+00,  0.000000E+00,  0.000000E+00
  1.022500E+04,  7.151694E-08,  0.000000E+00,  0.000000E+00,  0.000000E+00
  1.027500E+04,  7.035695E-08,  0.000000E+00,  0.000000E+00,  0.000000E+00
  1.032500E+04,  6.920562E-08,  0.000000E+00,  0.000000E+00,  0.000000E+00
  1.037500E+04,  6.809803E-08,  0.000000E+00,  0.000000E+00,  0.000000E+00
  1.042500E+04,  6.700874E-08,  0.000000E+00,  0.000000E+00,  0.000000E+00
  1.047500E+04,  6.586908E-08,  0.000000E+00,  0.000000E+00,  0.000000E+00
  1.052500E+04,  6.486073E-08,  0.000000E+00,  0.000000E+00,  0.000000E+00
  1.057500E+04,  6.384743E-08,  0.000000E+00,  0.000000E+00,  0.000000E+00
  1.062500E+04,  6.283703E-08,  0.000000E+00,  0.000000E+00,  0.000000E+00
  1.067500E+04,  6.144451E-08,  0.000000E+00,  0.000000E+00,  0.000000E+00
  1.072500E+04,  6.071804E-08,  0.000000E+00,  0.000000E+00,  0.000000E+00
  1.077500E+04,  5.991440E-08,  0.000000E+00,  0.000000E+00,  0.000000E+00
  1.082500E+04,  5.897060E-08,  0.000000E+00,  0.000000E+00,  0.000000E+00
  1.087500E+04,  5.784906E-08,  0.000000E+00,  0.000000E+00,  0.000000E+00
  1.092500E+04,  5.074885E-08,  0.000000E+00,  0.000000E+00,  0.000000E+00
  1.097500E+04,  5.465649E-08,  0.000000E+00,  0.000000E+00,  0.000000E+00
  1.102500E+04,  5.538193E-08,  0.000000E+00,  0.000000E+00,  0.000000E+00
  1.107500E+04,  5.462292E-08,  0.000000E+00,  0.000000E+00,  0.000000E+00
  1.112500E+04,  5.378945E-08,  0.000000E+00,  0.000000E+00,  0.000000E+00
  1.117500E+04,  5.297928E-08,  0.000000E+00,  0.000000E+00,  0.000000E+00
  1.122500E+04,  5.218400E-08,  0.000000E+00,  0.000000E+00,  0.000000E+00
  1.127500E+04,  5.127236E-08,  0.000000E+00,  0.000000E+00,  0.000000E+00
  1.132500E+04,  5.049487E-08,  0.000000E+00,  0.000000E+00,  0.000000E+00
  1.137500E+04,  4.986648E-08,  0.000000E+00,  0.000000E+00,  0.000000E+00
  1.142500E+04,  4.911765E-08,  0.000000E+00,  0.000000E+00,  0.000000E+00
  1.147500E+04,  4.841457E-08,  0.000000E+00,  0.000000E+00,  0.000000E+00
  1.152500E+04,  4.770450E-08,  0.000000E+00,  0.000000E+00,  0.000000E+00
  1.157500E+04,  4.700428E-08,  0.000000E+00,  0.000000E+00,  0.000000E+00
  1.162500E+04,  4.627001E-08,  0.000000E+00,  0.000000E+00,  0.000000E+00
  1.167500E+04,  4.551770E-08,  0.000000E+00,  0.000000E+00,  0.000000E+00
  1.172500E+04,  4.498257E-08,  0.000000E+00,  0.000000E+00,  0.000000E+00
  1.177500E+04,  4.411952E-08,  0.000000E+00,  0.000000E+00,  0.000000E+00
  1.182500E+04,  4.360488E-08,  0.000000E+00,  0.000000E+00,  0.000000E+00
  1.187500E+04,  4.298971E-08,  0.000000E+00,  0.000000E+00,  0.000000E+00
  1.192500E+04,  4.245257E-08,  0.000000E+00,  0.000000E+00,  0.000000E+00
  1.197500E+04,  4.177957E-08,  0.000000E+00,  0.000000E+00,  0.000000E+00
  1.202500E+04,  4.124723E-08,  0.000000E+00,  0.000000E+00,  0.000000E+00
  1.207500E+04,  4.065471E-08,  0.000000E+00,  0.000000E+00,  0.000000E+00
  1.212500E+04,  4.008546E-08,  0.000000E+00,  0.000000E+00,  0.000000E+00
  1.217500E+04,  3.953216E-08,  0.000000E+00,  0.000000E+00,  0.000000E+00
  1.222500E+04,  3.897721E-08,  0.000000E+00,  0.000000E+00,  0.000000E+00
  1.227500E+04,  3.842504E-08,  0.000000E+00,  0.000000E+00,  0.000000E+00
  1.232500E+04,  3.789553E-08,  0.000000E+00,  0.000000E+00,  0.000000E+00
  1.237500E+04,  3.737555E-08,  0.000000E+00,  0.000000E+00,  0.000000E+00
  1.242500E+04,  3.686496E-08,  0.000000E+00,  0.000000E+00,  0.000000E+00
  1.247500E+04,  3.634721E-08,  0.000000E+00,  0.000000E+00,  0.000000E+00
  1.252500E+04,  3.585503E-08,  0.000000E+00,  0.000000E+00,  0.000000E+00
  1.257500E+04,  3.534184E-08,  0.000000E+00,  0.000000E+00,  0.000000E+00
  1.262500E+04,  3.486526E-08,  0.000000E+00,  0.000000E+00,  0.000000E+00
  1.267500E+04,  3.441381E-08,  0.000000E+00,  0.000000E+00,  0.000000E+00
  1.272500E+04,  3.392058E-08,  0.000000E+00,  0.000000E+00,  0.000000E+00
  1.277500E+04,  3.309645E-08,  0.000000E+00,  0.000000E+00,  0.000000E+00
  1.282500E+04,  2.927100E-08,  0.000000E+00,  0.000000E+00,  0.000000E+00
  1.287500E+04,  3.234220E-08,  0.000000E+00,  0.000000E+00,  0.000000E+00
  1.292500E+04,  3.214913E-08,  0.000000E+00,  0.000000E+00,  0.000000E+00
  1.297500E+04,  3.173640E-08,  0.000000E+00,  0.000000E+00,  0.000000E+00
  1.302500E+04,  3.131841E-08,  0.000000E+00,  0.000000E+00,  0.000000E+00
  1.307500E+04,  3.090561E-08,  0.000000E+00,  0.000000E+00,  0.000000E+00
  1.312500E+04,  3.049728E-08,  0.000000E+00,  0.000000E+00,  0.000000E+00
  1.317500E+04,  3.008665E-08,  0.000000E+00,  0.000000E+00,  0.000000E+00
  1.322500E+04,  2.970432E-08,  0.000000E+00,  0.000000E+00,  0.000000E+00
  1.327500E+04,  2.931851E-08,  0.000000E+00,  0.000000E+00,  0.000000E+00
  1.332500E+04,  2.893728E-08,  0.000000E+00,  0.000000E+00,  0.000000E+00
  1.337500E+04,  2.856251E-08,  0.000000E+00,  0.000000E+00,  0.000000E+00
  1.342500E+04,  2.819342E-08,  0.000000E+00,  0.000000E+00,  0.000000E+00
  1.347500E+04,  2.783051E-08,  0.000000E+00,  0.000000E+00,  0.000000E+00
  1.352500E+04,  2.746758E-08,  0.000000E+00,  0.000000E+00,  0.000000E+00
  1.357500E+04,  2.711952E-08,  0.000000E+00,  0.000000E+00,  0.000000E+00
  1.362500E+04,  2.677718E-08,  0.000000E+00,  0.000000E+00,  0.000000E+00
  1.367500E+04,  2.643431E-08,  0.000000E+00,  0.000000E+00,  0.000000E+00
  1.372500E+04,  2.607694E-08,  0.000000E+00,  0.000000E+00,  0.000000E+00
  1.377500E+04,  2.577019E-08,  0.000000E+00,  0.000000E+00,  0.000000E+00
  1.382500E+04,  2.544706E-08,  0.000000E+00,  0.000000E+00,  0.000000E+00
  1.387500E+04,  2.513071E-08,  0.000000E+00,  0.000000E+00,  0.000000E+00
  1.392500E+04,  2.481210E-08,  0.000000E+00,  0.000000E+00,  0.000000E+00
  1.397500E+04,  2.450606E-08,  0.000000E+00,  0.000000E+00,  0.000000E+00
  1.402500E+04,  2.420208E-08,  0.000000E+00,  0.000000E+00,  0.000000E+00
  1.407500E+04,  2.390224E-08,  0.000000E+00,  0.000000E+00,  0.000000E+00
  1.412500E+04,  2.360611E-08,  0.000000E+00,  0.000000E+00,  0.000000E+00
  1.417500E+04,  2.331659E-08,  0.000000E+00,  0.000000E+00,  0.000000E+00
  1.422500E+04,  2.303010E-08,  0.000000E+00,  0.000000E+00,  0.000000E+00
  1.427500E+04,  2.274782E-08,  0.000000E+00,  0.000000E+00,  0.000000E+00
  1.432500E+04,  2.247045E-08,  0.000000E+00,  0.000000E+00,  0.000000E+00
  1.437500E+04,  2.219761E-08,  0.000000E+00,  0.000000E+00,  0.000000E+00
  1.442500E+04,  2.186937E-08,  0.000000E+00,  0.000000E+00,  0.000000E+00
  1.447500E+04,  2.166359E-08,  0.000000E+00,  0.000000E+00,  0.000000E+00
  1.452500E+04,  2.137321E-08,  0.000000E+00,  0.000000E+00,  0.000000E+00
  1.457000E+04,  2.116899E-08,  0.000000E+00,  0.000000E+00,  0.000000E+00
  1.462000E+04,  2.093991E-08,  0.000000E+00,  0.000000E+00,  0.000000E+00
  1.467500E+04,  2.068250E-08,  0.000000E+00,  0.000000E+00,  0.000000E+00
  1.472500E+04,  2.044243E-08,  0.000000E+00,  0.000000E+00,  0.000000E+00
  1.477500E+04,  2.019603E-08,  0.000000E+00,  0.000000E+00,  0.000000E+00
  1.482500E+04,  1.996859E-08,  0.000000E+00,  0.000000E+00,  0.000000E+00
  1.487500E+04,  1.972142E-08,  0.000000E+00,  0.000000E+00,  0.000000E+00
  1.492500E+04,  1.949648E-08,  0.000000E+00,  0.000000E+00,  0.000000E+00
  1.497500E+04,  1.926143E-08,  0.000000E+00,  0.000000E+00,  0.000000E+00
  1.502500E+04,  1.897550E-08,  0.000000E+00,  0.000000E+00,  0.000000E+00
  1.507500E+04,  1.875372E-08,  0.000000E+00,  0.000000E+00,  0.000000E+00
  1.512500E+04,  1.850749E-08,  0.000000E+00,  0.000000E+00,  0.000000E+00
  1.517500E+04,  1.828975E-08,  0.000000E+00,  0.000000E+00,  0.000000E+00
  1.522500E+04,  1.825026E-08,  0.000000E+00,  0.000000E+00,  0.000000E+00
  1.527500E+04,  1.772911E-08,  0.000000E+00,  0.000000E+00,  0.000000E+00
  1.532500E+04,  1.754443E-08,  0.000000E+00,  0.000000E+00,  0.000000E+00
  1.537500E+04,  1.767830E-08,  0.000000E+00,  0.000000E+00,  0.000000E+00
  1.542500E+04,  1.695494E-08,  0.000000E+00,  0.000000E+00,  0.000000E+00
  1.547500E+04,  1.737098E-08,  0.000000E+00,  0.000000E+00,  0.000000E+00
  1.552500E+04,  1.725916E-08,  0.000000E+00,  0.000000E+00,  0.000000E+00
  1.557500E+04,  1.618227E-08,  0.000000E+00,  0.000000E+00,  0.000000E+00
  1.562500E+04,  1.714992E-08,  0.000000E+00,  0.000000E+00,  0.000000E+00
  1.567500E+04,  1.653133E-08,  0.000000E+00,  0.000000E+00,  0.000000E+00
  1.572500E+04,  1.572607E-08,  0.000000E+00,  0.000000E+00,  0.000000E+00
  1.577500E+04,  1.670834E-08,  0.000000E+00,  0.000000E+00,  0.000000E+00
  1.582500E+04,  1.653346E-08,  0.000000E+00,  0.000000E+00,  0.000000E+00
  1.587500E+04,  1.481463E-08,  0.000000E+00,  0.000000E+00,  0.000000E+00
  1.592500E+04,  1.603529E-08,  0.000000E+00,  0.000000E+00,  0.000000E+00
  1.597500E+04,  1.616035E-08,  0.000000E+00,  0.000000E+00,  0.000000E+00
  1.605000E+04,  1.575239E-08,  0.000000E+00,  0.000000E+00,  0.000000E+00
  1.615000E+04,  1.473415E-08,  0.000000E+00,  0.000000E+00,  0.000000E+00
  1.625000E+04,  1.532255E-08,  0.000000E+00,  0.000000E+00,  0.000000E+00
  1.635000E+04,  1.473752E-08,  0.000000E+00,  0.000000E+00,  0.000000E+00
  1.645000E+04,  1.381043E-08,  0.000000E+00,  0.000000E+00,  0.000000E+00
  1.655000E+04,  1.433877E-08,  0.000000E+00,  0.000000E+00,  0.000000E+00
  1.665000E+04,  1.403114E-08,  0.000000E+00,  0.000000E+00,  0.000000E+00
  1.675000E+04,  1.348708E-08,  0.000000E+00,  0.000000E+00,  0.000000E+00
  1.685000E+04,  1.265908E-08,  0.000000E+00,  0.000000E+00,  0.000000E+00
  1.695000E+04,  1.314122E-08,  0.000000E+00,  0.000000E+00,  0.000000E+00
  1.705000E+04,  1.286289E-08,  0.000000E+00,  0.000000E+00,  0.000000E+00
  1.715000E+04,  1.259193E-08,  0.000000E+00,  0.000000E+00,  0.000000E+00
  1.725000E+04,  1.230534E-08,  0.000000E+00,  0.000000E+00,  0.000000E+00
  1.735000E+04,  1.124671E-08,  0.000000E+00,  0.000000E+00,  0.000000E+00
  1.745000E+04,  1.174545E-08,  0.000000E+00,  0.000000E+00,  0.000000E+00
  1.755000E+04,  1.156567E-08,  0.000000E+00,  0.000000E+00,  0.000000E+00
  1.765000E+04,  1.132707E-08,  0.000000E+00,  0.000000E+00,  0.000000E+00
  1.775000E+04,  1.109811E-08,  0.000000E+00,  0.000000E+00,  0.000000E+00
  1.785000E+04,  1.087086E-08,  0.000000E+00,  0.000000E+00,  0.000000E+00
  1.795000E+04,  1.065214E-08,  0.000000E+00,  0.000000E+00,  0.000000E+00
  1.805000E+04,  1.042163E-08,  0.000000E+00,  0.000000E+00,  0.000000E+00
  1.815000E+04,  9.597520E-09,  0.000000E+00,  0.000000E+00,  0.000000E+00
  1.825000E+04,  9.916814E-09,  0.000000E+00,  0.000000E+00,  0.000000E+00
  1.835000E+04,  9.821130E-09,  0.000000E+00,  0.000000E+00,  0.000000E+00
  1.845000E+04,  9.627563E-09,  0.000000E+00,  0.000000E+00,  0.000000E+00
  1.855000E+04,  9.435897E-09,  0.000000E+00,  0.000000E+00,  0.000000E+00
  1.865000E+04,  9.228881E-09,  0.000000E+00,  0.000000E+00,  0.000000E+00
  1.875000E+04,  8.461606E-09,  0.000000E+00,  0.000000E+00,  0.000000E+00
  1.885000E+04,  8.858774E-09,  0.000000E+00,  0.000000E+00,  0.000000E+00
  1.895000E+04,  8.720106E-09,  0.000000E+00,  0.000000E+00,  0.000000E+00
  1.905000E+04,  8.556418E-09,  0.000000E+00,  0.000000E+00,  0.000000E+00
  1.915000E+04,  8.392527E-09,  0.000000E+00,  0.000000E+00,  0.000000E+00
  1.925000E+04,  8.232140E-09,  0.000000E+00,  0.000000E+00,  0.000000E+00
  1.935000E+04,  8.053175E-09,  0.000000E+00,  0.000000E+00,  0.000000E+00
  1.945000E+04,  7.416745E-09,  0.000000E+00,  0.000000E+00,  0.000000E+00
  1.955000E+04,  7.752181E-09,  0.000000E+00,  0.000000E+00,  0.000000E+00
  1.965000E+04,  7.629810E-09,  0.000000E+00,  0.000000E+00,  0.000000E+00
  1.975000E+04,  7.487137E-09,  0.000000E+00,  0.000000E+00,  0.000000E+00
  1.985000E+04,  7.349394E-09,  0.000000E+00,  0.000000E+00,  0.000000E+00
  1.995000E+04,  7.213906E-09,  0.000000E+00,  0.000000E+00,  0.000000E+00
  2.005000E+04,  7.081604E-09,  0.000000E+00,  0.000000E+00,  0.000000E+00
  2.015000E+04,  6.952284E-09,  0.000000E+00,  0.000000E+00,  0.000000E+00
  2.025000E+04,  6.825790E-09,  0.000000E+00,  0.000000E+00,  0.000000E+00
  2.035000E+04,  6.702268E-09,  0.000000E+00,  0.000000E+00,  0.000000E+00
  2.045000E+04,  6.581690E-09,  0.000000E+00,  0.000000E+00,  0.000000E+00
  2.055000E+04,  6.463681E-09,  0.000000E+00,  0.000000E+00,  0.000000E+00
  2.065000E+04,  6.347991E-09,  0.000000E+00,  0.000000E+00,  0.000000E+00
  2.075000E+04,  6.235396E-09,  0.000000E+00,  0.000000E+00,  0.000000E+00
  2.085000E+04,  6.125212E-09,  0.000000E+00,  0.000000E+00,  0.000000E+00
  2.095000E+04,  6.017249E-09,  0.000000E+00,  0.000000E+00,  0.000000E+00
  2.105000E+04,  5.911590E-09,  0.000000E+00,  0.000000E+00,  0.000000E+00
  2.115000E+04,  5.807356E-09,  0.000000E+00,  0.000000E+00,  0.000000E+00
  2.125000E+04,  5.705971E-09,  0.000000E+00,  0.000000E+00,  0.000000E+00
  2.135000E+04,  5.607930E-09,  0.000000E+00,  0.000000E+00,  0.000000E+00
  2.145000E+04,  5.512136E-09,  0.000000E+00,  0.000000E+00,  0.000000E+00
  2.155000E+04,  5.405822E-09,  0.000000E+00,  0.000000E+00,  0.000000E+00
  2.165000E+04,  5.003190E-09,  0.000000E+00,  0.000000E+00,  0.000000E+00
  2.175000E+04,  5.208985E-09,  0.000000E+00,  0.000000E+00,  0.000000E+00
  2.185000E+04,  5.145778E-09,  0.000000E+00,  0.000000E+00,  0.000000E+00
  2.195000E+04,  5.059435E-09,  0.000000E+00,  0.000000E+00,  0.000000E+00
  2.205000E+04,  4.974268E-09,  0.000000E+00,  0.000000E+00,  0.000000E+00
  2.215000E+04,  4.890195E-09,  0.000000E+00,  0.000000E+00,  0.000000E+00
  2.225000E+04,  4.809892E-09,  0.000000E+00,  0.000000E+00,  0.000000E+00
  2.235000E+04,  4.730146E-09,  0.000000E+00,  0.000000E+00,  0.000000E+00
  2.245000E+04,  4.652041E-09,  0.000000E+00,  0.000000E+00,  0.000000E+00
  2.255000E+04,  4.575146E-09,  0.000000E+00,  0.000000E+00,  0.000000E+00
  2.265000E+04,  4.500633E-09,  0.000000E+00,  0.000000E+00,  0.000000E+00
  2.275000E+04,  4.427142E-09,  0.000000E+00,  0.000000E+00,  0.000000E+00
  2.285000E+04,  4.357863E-09,  0.000000E+00,  0.000000E+00,  0.000000E+00
  2.295000E+04,  4.288032E-09,  0.000000E+00,  0.000000E+00,  0.000000E+00
  2.305000E+04,  4.220053E-09,  0.000000E+00,  0.000000E+00,  0.000000E+00
  2.315000E+04,  4.153155E-09,  0.000000E+00,  0.000000E+00,  0.000000E+00
  2.325000E+04,  4.087560E-09,  0.000000E+00,  0.000000E+00,  0.000000E+00
  2.335000E+04,  4.022926E-09,  0.000000E+00,  0.000000E+00,  0.000000E+00
  2.345000E+04,  3.959314E-09,  0.000000E+00,  0.000000E+00,  0.000000E+00
  2.355000E+04,  3.896760E-09,  0.000000E+00,  0.000000E+00,  0.000000E+00
  2.365000E+04,  3.834600E-09,  0.000000E+00,  0.000000E+00,  0.000000E+00
  2.375000E+04,  3.774815E-09,  0.000000E+00,  0.000000E+00,  0.000000E+00
  2.385000E+04,  3.714750E-09,  0.000000E+00,  0.000000E+00,  0.000000E+00
  2.395000E+04,  3.655802E-09,  0.000000E+00,  0.000000E+00,  0.000000E+00
  2.405000E+04,  3.595312E-09,  0.000000E+00,  0.000000E+00,  0.000000E+00
  2.415000E+04,  3.533766E-09,  0.000000E+00,  0.000000E+00,  0.000000E+00
  2.425000E+04,  3.498902E-09,  0.000000E+00,  0.000000E+00,  0.000000E+00
  2.435000E+04,  3.425330E-09,  0.000000E+00,  0.000000E+00,  0.000000E+00
  2.445000E+04,  3.365640E-09,  0.000000E+00,  0.000000E+00,  0.000000E+00
  2.455000E+04,  3.342900E-09,  0.000000E+00,  0.000000E+00,  0.000000E+00
  2.465000E+04,  3.271122E-09,  0.000000E+00,  0.000000E+00,  0.000000E+00
  2.475000E+04,  3.223668E-09,  0.000000E+00,  0.000000E+00,  0.000000E+00
  2.485000E+04,  3.214043E-09,  0.000000E+00,  0.000000E+00,  0.000000E+00
  2.495000E+04,  3.072792E-09,  0.000000E+00,  0.000000E+00,  0.000000E+00
  2.505000E+04,  3.122398E-09,  0.000000E+00,  0.000000E+00,  0.000000E+00
  2.515000E+04,  3.079426E-09,  0.000000E+00,  0.000000E+00,  0.000000E+00
  2.525000E+04,  2.918952E-09,  0.000000E+00,  0.000000E+00,  0.000000E+00
  2.535000E+04,  2.987448E-09,  0.000000E+00,  0.000000E+00,  0.000000E+00
  2.545000E+04,  2.954102E-09,  0.000000E+00,  0.000000E+00,  0.000000E+00
  2.555000E+04,  2.903536E-09,  0.000000E+00,  0.000000E+00,  0.000000E+00
  2.565000E+04,  2.732689E-09,  0.000000E+00,  0.000000E+00,  0.000000E+00
  2.575000E+04,  2.826052E-09,  0.000000E+00,  0.000000E+00,  0.000000E+00
  2.585000E+04,  2.792215E-09,  0.000000E+00,  0.000000E+00,  0.000000E+00
  2.595000E+04,  2.752866E-09,  0.000000E+00,  0.000000E+00,  0.000000E+00
  2.605000E+04,  2.691726E-09,  0.000000E+00,  0.000000E+00,  0.000000E+00
  2.615000E+04,  2.529944E-09,  0.000000E+00,  0.000000E+00,  0.000000E+00
  2.625000E+04,  2.470109E-09,  0.000000E+00,  0.000000E+00,  0.000000E+00
  2.635000E+04,  2.587342E-09,  0.000000E+00,  0.000000E+00,  0.000000E+00
  2.645000E+04,  2.569071E-09,  0.000000E+00,  0.000000E+00,  0.000000E+00
  2.655000E+04,  2.536218E-09,  0.000000E+00,  0.000000E+00,  0.000000E+00
  2.665000E+04,  2.487414E-09,  0.000000E+00,  0.000000E+00,  0.000000E+00
  2.675000E+04,  2.312534E-09,  0.000000E+00,  0.000000E+00,  0.000000E+00
  2.685000E+04,  2.418493E-09,  0.000000E+00,  0.000000E+00,  0.000000E+00
  2.695000E+04,  2.396972E-09,  0.000000E+00,  0.000000E+00,  0.000000E+00
  2.705000E+04,  2.363486E-09,  0.000000E+00,  0.000000E+00,  0.000000E+00
  2.715000E+04,  2.330815E-09,  0.000000E+00,  0.000000E+00,  0.000000E+00
  2.725000E+04,  2.298547E-09,  0.000000E+00,  0.000000E+00,  0.000000E+00
  2.735000E+04,  2.266849E-09,  0.000000E+00,  0.000000E+00,  0.000000E+00
  2.745000E+04,  2.231701E-09,  0.000000E+00,  0.000000E+00,  0.000000E+00
  2.755000E+04,  2.086799E-09,  0.000000E+00,  0.000000E+00,  0.000000E+00
  2.765000E+04,  2.140302E-09,  0.000000E+00,  0.000000E+00,  0.000000E+00
  2.775000E+04,  2.144684E-09,  0.000000E+00,  0.000000E+00,  0.000000E+00
  2.785000E+04,  2.116367E-09,  0.000000E+00,  0.000000E+00,  0.000000E+00
  2.795000E+04,  2.087783E-09,  0.000000E+00,  0.000000E+00,  0.000000E+00
  2.805000E+04,  2.059691E-09,  0.000000E+00,  0.000000E+00,  0.000000E+00
  2.815000E+04,  2.032051E-09,  0.000000E+00,  0.000000E+00,  0.000000E+00
  2.825000E+04,  2.004890E-09,  0.000000E+00,  0.000000E+00,  0.000000E+00
  2.835000E+04,  1.978183E-09,  0.000000E+00,  0.000000E+00,  0.000000E+00
  2.845000E+04,  1.951805E-09,  0.000000E+00,  0.000000E+00,  0.000000E+00
  2.855000E+04,  1.925938E-09,  0.000000E+00,  0.000000E+00,  0.000000E+00
  2.865000E+04,  1.882043E-09,  0.000000E+00,  0.000000E+00,  0.000000E+00
  2.875000E+04,  1.766769E-09,  0.000000E+00,  0.000000E+00,  0.000000E+00
  2.885000E+04,  1.846162E-09,  0.000000E+00,  0.000000E+00,  0.000000E+00
  2.895000E+04,  1.826699E-09,  0.000000E+00,  0.000000E+00,  0.000000E+00
  2.905000E+04,  1.803143E-09,  0.000000E+00,  0.000000E+00,  0.000000E+00
  2.915000E+04,  1.779541E-09,  0.000000E+00,  0.000000E+00,  0.000000E+00
  2.925000E+04,  1.756698E-09,  0.000000E+00,  0.000000E+00,  0.000000E+00
  2.935000E+04,  1.734076E-09,  0.000000E+00,  0.000000E+00,  0.000000E+00
  2.945000E+04,  1.711788E-09,  0.000000E+00,  0.000000E+00,  0.000000E+00
  2.955000E+04,  1.689861E-09,  0.000000E+00,  0.000000E+00,  0.000000E+00
  2.965000E+04,  1.668273E-09,  0.000000E+00,  0.000000E+00,  0.000000E+00
  2.975000E+04,  1.647048E-09,  0.000000E+00,  0.000000E+00,  0.000000E+00
  2.985000E+04,  1.626146E-09,  0.000000E+00,  0.000000E+00,  0.000000E+00
  2.995000E+04,  1.605575E-09,  0.000000E+00,  0.000000E+00,  0.000000E+00
  3.005000E+04,  1.585304E-09,  0.000000E+00,  0.000000E+00,  0.000000E+00
  3.015000E+04,  1.565365E-09,  0.000000E+00,  0.000000E+00,  0.000000E+00
  3.025000E+04,  1.543599E-09,  0.000000E+00,  0.000000E+00,  0.000000E+00
  3.035000E+04,  1.459340E-09,  0.000000E+00,  0.000000E+00,  0.000000E+00
  3.045000E+04,  1.473439E-09,  0.000000E+00,  0.000000E+00,  0.000000E+00
  3.055000E+04,  1.487750E-09,  0.000000E+00,  0.000000E+00,  0.000000E+00
  3.065000E+04,  1.470348E-09,  0.000000E+00,  0.000000E+00,  0.000000E+00
  3.075000E+04,  1.452217E-09,  0.000000E+00,  0.000000E+00,  0.000000E+00
  3.085000E+04,  1.434211E-09,  0.000000E+00,  0.000000E+00,  0.000000E+00
  3.095000E+04,  1.416753E-09,  0.000000E+00,  0.000000E+00,  0.000000E+00
  3.105000E+04,  1.399431E-09,  0.000000E+00,  0.000000E+00,  0.000000E+00
  3.115000E+04,  1.382336E-09,  0.000000E+00,  0.000000E+00,  0.000000E+00
  3.125000E+04,  1.365554E-09,  0.000000E+00,  0.000000E+00,  0.000000E+00
  3.135000E+04,  1.349061E-09,  0.000000E+00,  0.000000E+00,  0.000000E+00
  3.145000E+04,  1.332707E-09,  0.000000E+00,  0.000000E+00,  0.000000E+00
  3.155000E+04,  1.316789E-09,  0.000000E+00,  0.000000E+00,  0.000000E+00
  3.165000E+04,  1.300999E-09,  0.000000E+00,  0.000000E+00,  0.000000E+00
  3.175000E+04,  1.285394E-09,  0.000000E+00,  0.000000E+00,  0.000000E+00
  3.185000E+04,  1.270116E-09,  0.000000E+00,  0.000000E+00,  0.000000E+00
  3.195000E+04,  1.254991E-09,  0.000000E+00,  0.000000E+00,  0.000000E+00
  3.210000E+04,  1.232762E-09,  0.000000E+00,  0.000000E+00,  0.000000E+00
  3.230000E+04,  1.203890E-09,  0.000000E+00,  0.000000E+00,  0.000000E+00
  3.250000E+04,  1.175835E-09,  0.000000E+00,  0.000000E+00,  0.000000E+00
  3.270000E+04,  1.148558E-09,  0.000000E+00,  0.000000E+00,  0.000000E+00
  3.290000E+04,  1.083830E-09,  0.000000E+00,  0.000000E+00,  0.000000E+00
  3.310000E+04,  1.087626E-09,  0.000000E+00,  0.000000E+00,  0.000000E+00
  3.330000E+04,  1.068258E-09,  0.000000E+00,  0.000000E+00,  0.000000E+00
  3.350000E+04,  1.044492E-09,  0.000000E+00,  0.000000E+00,  0.000000E+00
  3.370000E+04,  1.021021E-09,  0.000000E+00,  0.000000E+00,  0.000000E+00
  3.390000E+04,  9.984457E-10,  0.000000E+00,  0.000000E+00,  0.000000E+00
  3.410000E+04,  9.763493E-10,  0.000000E+00,  0.000000E+00,  0.000000E+00
  3.430000E+04,  9.549197E-10,  0.000000E+00,  0.000000E+00,  0.000000E+00
  3.450000E+04,  9.340270E-10,  0.000000E+00,  0.000000E+00,  0.000000E+00
  3.470000E+04,  9.136879E-10,  0.000000E+00,  0.000000E+00,  0.000000E+00
  3.490000E+04,  8.937348E-10,  0.000000E+00,  0.000000E+00,  0.000000E+00
  3.510000E+04,  8.745725E-10,  0.000000E+00,  0.000000E+00,  0.000000E+00
  3.530000E+04,  8.558524E-10,  0.000000E+00,  0.000000E+00,  0.000000E+00
  3.550000E+04,  8.369290E-10,  0.000000E+00,  0.000000E+00,  0.000000E+00
  3.570000E+04,  8.184309E-10,  0.000000E+00,  0.000000E+00,  0.000000E+00
  3.590000E+04,  8.041992E-10,  0.000000E+00,  0.000000E+00,  0.000000E+00
  3.610000E+04,  7.833654E-10,  0.000000E+00,  0.000000E+00,  0.000000E+00
  3.630000E+04,  7.713663E-10,  0.000000E+00,  0.000000E+00,  0.000000E+00
  3.650000E+04,  7.497631E-10,  0.000000E+00,  0.000000E+00,  0.000000E+00
  3.670000E+04,  7.404862E-10,  0.000000E+00,  0.000000E+00,  0.000000E+00
  3.690000E+04,  7.170227E-10,  0.000000E+00,  0.000000E+00,  0.000000E+00
  3.710000E+04,  7.102340E-10,  0.000000E+00,  0.000000E+00,  0.000000E+00
  3.730000E+04,  6.872234E-10,  0.000000E+00,  0.000000E+00,  0.000000E+00
  3.750000E+04,  6.596884E-10,  0.000000E+00,  0.000000E+00,  0.000000E+00
  3.770000E+04,  6.685980E-10,  0.000000E+00,  0.000000E+00,  0.000000E+00
  3.790000E+04,  6.558014E-10,  0.000000E+00,  0.000000E+00,  0.000000E+00
  3.810000E+04,  6.346685E-10,  0.000000E+00,  0.000000E+00,  0.000000E+00
  3.830000E+04,  6.248027E-10,  0.000000E+00,  0.000000E+00,  0.000000E+00
  3.850000E+04,  6.179741E-10,  0.000000E+00,  0.000000E+00,  0.000000E+00
  3.870000E+04,  6.059199E-10,  0.000000E+00,  0.000000E+00,  0.000000E+00
  3.890000E+04,  5.933717E-10,  0.000000E+00,  0.000000E+00,  0.000000E+00
  3.910000E+04,  5.680787E-10,  0.000000E+00,  0.000000E+00,  0.000000E+00
  3.930000E+04,  5.712748E-10,  0.000000E+00,  0.000000E+00,  0.000000E+00
  3.950000E+04,  5.615203E-10,  0.000000E+00,  0.000000E+00,  0.000000E+00
  3.970000E+04,  5.508689E-10,  0.000000E+00,  0.000000E+00,  0.000000E+00
  3.990000E+04,  5.401820E-10,  0.000000E+00,  0.000000E+00,  0.000000E+00
  4.010000E+04,  5.232886E-10,  0.000000E+00,  0.000000E+00,  0.000000E+00
  4.030000E+04,  5.087250E-10,  0.000000E+00,  0.000000E+00,  0.000000E+00
  4.050000E+04,  4.950636E-10,  0.000000E+00,  0.000000E+00,  0.000000E+00
  4.070000E+04,  4.998422E-10,  0.000000E+00,  0.000000E+00,  0.000000E+00
  4.090000E+04,  4.910706E-10,  0.000000E+00,  0.000000E+00,  0.000000E+00
  4.110000E+04,  4.819421E-10,  0.000000E+00,  0.000000E+00,  0.000000E+00
  4.130000E+04,  4.730044E-10,  0.000000E+00,  0.000000E+00,  0.000000E+00
  4.150000E+04,  4.637988E-10,  0.000000E+00,  0.000000E+00,  0.000000E+00
  4.170000E+04,  4.410913E-10,  0.000000E+00,  0.000000E+00,  0.000000E+00
  4.190000E+04,  4.467834E-10,  0.000000E+00,  0.000000E+00,  0.000000E+00
  4.210000E+04,  4.391966E-10,  0.000000E+00,  0.000000E+00,  0.000000E+00
  4.230000E+04,  4.312496E-10,  0.000000E+00,  0.000000E+00,  0.000000E+00
  4.250000E+04,  4.234612E-10,  0.000000E+00,  0.000000E+00,  0.000000E+00
  4.270000E+04,  4.158413E-10,  0.000000E+00,  0.000000E+00,  0.000000E+00
  4.290000E+04,  4.084025E-10,  0.000000E+00,  0.000000E+00,  0.000000E+00
  4.310000E+04,  4.011264E-10,  0.000000E+00,  0.000000E+00,  0.000000E+00
  4.330000E+04,  3.940148E-10,  0.000000E+00,  0.000000E+00,  0.000000E+00
  4.350000E+04,  3.870468E-10,  0.000000E+00,  0.000000E+00,  0.000000E+00
  4.370000E+04,  3.694098E-10,  0.000000E+00,  0.000000E+00,  0.000000E+00
  4.390000E+04,  3.714863E-10,  0.000000E+00,  0.000000E+00,  0.000000E+00
  4.410000E+04,  3.670573E-10,  0.000000E+00,  0.000000E+00,  0.000000E+00
  4.430000E+04,  3.607031E-10,  0.000000E+00,  0.000000E+00,  0.000000E+00
  4.450000E+04,  3.544726E-10,  0.000000E+00,  0.000000E+00,  0.000000E+00
  4.470000E+04,  3.490492E-10,  0.000000E+00,  0.000000E+00,  0.000000E+00
  4.490000E+04,  3.423543E-10,  0.000000E+00,  0.000000E+00,  0.000000E+00
  4.510000E+04,  3.365414E-10,  0.000000E+00,  0.000000E+00,  0.000000E+00
  4.530000E+04,  3.308398E-10,  0.000000E+00,  0.000000E+00,  0.000000E+00
  4.550000E+04,  3.252528E-10,  0.000000E+00,  0.000000E+00,  0.000000E+00
  4.570000E+04,  3.197765E-10,  0.000000E+00,  0.000000E+00,  0.000000E+00
  4.590000E+04,  3.144006E-10,  0.000000E+00,  0.000000E+00,  0.000000E+00
  4.610000E+04,  3.091115E-10,  0.000000E+00,  0.000000E+00,  0.000000E+00
  4.630000E+04,  3.036752E-10,  0.000000E+00,  0.000000E+00,  0.000000E+00
  4.650000E+04,  2.897429E-10,  0.000000E+00,  0.000000E+00,  0.000000E+00
  4.670000E+04,  2.843767E-10,  0.000000E+00,  0.000000E+00,  0.000000E+00
  4.690000E+04,  2.884487E-10,  0.000000E+00,  0.000000E+00,  0.000000E+00
  4.710000E+04,  2.844513E-10,  0.000000E+00,  0.000000E+00,  0.000000E+00
  4.730000E+04,  2.799065E-10,  0.000000E+00,  0.000000E+00,  0.000000E+00
  4.750000E+04,  2.753776E-10,  0.000000E+00,  0.000000E+00,  0.000000E+00
  4.770000E+04,  2.709417E-10,  0.000000E+00,  0.000000E+00,  0.000000E+00
  4.790000E+04,  2.665612E-10,  0.000000E+00,  0.000000E+00,  0.000000E+00
  4.810000E+04,  2.622855E-10,  0.000000E+00,  0.000000E+00,  0.000000E+00
  4.830000E+04,  2.581736E-10,  0.000000E+00,  0.000000E+00,  0.000000E+00
  4.850000E+04,  2.539421E-10,  0.000000E+00,  0.000000E+00,  0.000000E+00
  4.870000E+04,  2.500486E-10,  0.000000E+00,  0.000000E+00,  0.000000E+00
  4.890000E+04,  2.459640E-10,  0.000000E+00,  0.000000E+00,  0.000000E+00
  4.910000E+04,  2.422503E-10,  0.000000E+00,  0.000000E+00,  0.000000E+00
  4.930000E+04,  2.382113E-10,  0.000000E+00,  0.000000E+00,  0.000000E+00
  4.950000E+04,  2.348633E-10,  0.000000E+00,  0.000000E+00,  0.000000E+00
  4.970000E+04,  2.306368E-10,  0.000000E+00,  0.000000E+00,  0.000000E+00
  4.990000E+04,  2.276624E-10,  0.000000E+00,  0.000000E+00,  0.000000E+00
  5.010000E+04,  2.240945E-10,  0.000000E+00,  0.000000E+00,  0.000000E+00
  5.030000E+04,  2.199541E-10,  0.000000E+00,  0.000000E+00,  0.000000E+00
  5.050000E+04,  2.174079E-10,  0.000000E+00,  0.000000E+00,  0.000000E+00
  5.070000E+04,  2.140644E-10,  0.000000E+00,  0.000000E+00,  0.000000E+00
  5.090000E+04,  2.096656E-10,  0.000000E+00,  0.000000E+00,  0.000000E+00
  5.110000E+04,  2.071454E-10,  0.000000E+00,  0.000000E+00,  0.000000E+00
  5.130000E+04,  1.981937E-10,  0.000000E+00,  0.000000E+00,  0.000000E+00
  5.150000E+04,  2.011346E-10,  0.000000E+00,  0.000000E+00,  0.000000E+00
  5.170000E+04,  1.969303E-10,  0.000000E+00,  0.000000E+00,  0.000000E+00
  5.190000E+04,  1.955145E-10,  0.000000E+00,  0.000000E+00,  0.000000E+00
  5.210000E+04,  1.927263E-10,  0.000000E+00,  0.000000E+00,  0.000000E+00
  5.230000E+04,  1.898722E-10,  0.000000E+00,  0.000000E+00,  0.000000E+00
  5.250000E+04,  1.866368E-10,  0.000000E+00,  0.000000E+00,  0.000000E+00
  5.270000E+04,  1.825562E-10,  0.000000E+00,  0.000000E+00,  0.000000E+00
  5.290000E+04,  1.817451E-10,  0.000000E+00,  0.000000E+00,  0.000000E+00
  5.310000E+04,  1.793648E-10,  0.000000E+00,  0.000000E+00,  0.000000E+00
  5.330000E+04,  1.767565E-10,  0.000000E+00,  0.000000E+00,  0.000000E+00
  5.350000E+04,  1.740864E-10,  0.000000E+00,  0.000000E+00,  0.000000E+00
  5.370000E+04,  1.699037E-10,  0.000000E+00,  0.000000E+00,  0.000000E+00
  5.390000E+04,  1.676363E-10,  0.000000E+00,  0.000000E+00,  0.000000E+00
  5.410000E+04,  1.667574E-10,  0.000000E+00,  0.000000E+00,  0.000000E+00
  5.430000E+04,  1.644093E-10,  0.000000E+00,  0.000000E+00,  0.000000E+00
  5.450000E+04,  1.620667E-10,  0.000000E+00,  0.000000E+00,  0.000000E+00
  5.470000E+04,  1.597716E-10,  0.000000E+00,  0.000000E+00,  0.000000E+00
  5.490000E+04,  1.575159E-10,  0.000000E+00,  0.000000E+00,  0.000000E+00
  5.510000E+04,  1.547175E-10,  0.000000E+00,  0.000000E+00,  0.000000E+00
  5.530000E+04,  1.501259E-10,  0.000000E+00,  0.000000E+00,  0.000000E+00
  5.550000E+04,  1.508858E-10,  0.000000E+00,  0.000000E+00,  0.000000E+00
  5.570000E+04,  1.488753E-10,  0.000000E+00,  0.000000E+00,  0.000000E+00
  5.590000E+04,  1.468109E-10,  0.000000E+00,  0.000000E+00,  0.000000E+00
  5.610000E+04,  1.447825E-10,  0.000000E+00,  0.000000E+00,  0.000000E+00
  5.630000E+04,  1.427929E-10,  0.000000E+00,  0.000000E+00,  0.000000E+00
  5.650000E+04,  1.408297E-10,  0.000000E+00,  0.000000E+00,  0.000000E+00
  5.670000E+04,  1.389068E-10,  0.000000E+00,  0.000000E+00,  0.000000E+00
  5.690000E+04,  1.368278E-10,  0.000000E+00,  0.000000E+00,  0.000000E+00
  5.710000E+04,  1.317896E-10,  0.000000E+00,  0.000000E+00,  0.000000E+00
  5.730000E+04,  1.330315E-10,  0.000000E+00,  0.000000E+00,  0.000000E+00
  5.750000E+04,  1.315172E-10,  0.000000E+00,  0.000000E+00,  0.000000E+00
  5.770000E+04,  1.297507E-10,  0.000000E+00,  0.000000E+00,  0.000000E+00
  5.790000E+04,  1.280096E-10,  0.000000E+00,  0.000000E+00,  0.000000E+00
  5.810000E+04,  1.262957E-10,  0.000000E+00,  0.000000E+00,  0.000000E+00
  5.830000E+04,  1.245307E-10,  0.000000E+00,  0.000000E+00,  0.000000E+00
  5.850000E+04,  1.228925E-10,  0.000000E+00,  0.000000E+00,  0.000000E+00
  5.870000E+04,  1.212384E-10,  0.000000E+00,  0.000000E+00,  0.000000E+00
  5.890000E+04,  1.193442E-10,  0.000000E+00,  0.000000E+00,  0.000000E+00
  5.910000E+04,  1.144579E-10,  0.000000E+00,  0.000000E+00,  0.000000E+00
  5.930000E+04,  1.162943E-10,  0.000000E+00,  0.000000E+00,  0.000000E+00
  5.950000E+04,  1.122407E-10,  0.000000E+00,  0.000000E+00,  0.000000E+00
  5.970000E+04,  1.127405E-10,  0.000000E+00,  0.000000E+00,  0.000000E+00
  5.990000E+04,  1.120465E-10,  0.000000E+00,  0.000000E+00,  0.000000E+00
  6.010000E+04,  1.106441E-10,  0.000000E+00,  0.000000E+00,  0.000000E+00
  6.030000E+04,  1.092363E-10,  0.000000E+00,  0.000000E+00,  0.000000E+00
  6.050000E+04,  1.078400E-10,  0.000000E+00,  0.000000E+00,  0.000000E+00
  6.070000E+04,  1.064657E-10,  0.000000E+00,  0.000000E+00,  0.000000E+00
  6.090000E+04,  1.051077E-10,  0.000000E+00,  0.000000E+00,  0.000000E+00
  6.110000E+04,  1.037702E-10,  0.000000E+00,  0.000000E+00,  0.000000E+00
  6.130000E+04,  1.024605E-10,  0.000000E+00,  0.000000E+00,  0.000000E+00
  6.150000E+04,  1.011661E-10,  0.000000E+00,  0.000000E+00,  0.000000E+00
  6.170000E+04,  9.989275E-11,  0.000000E+00,  0.000000E+00,  0.000000E+00
  6.190000E+04,  9.863671E-11,  0.000000E+00,  0.000000E+00,  0.000000E+00
  6.210000E+04,  9.739887E-11,  0.000000E+00,  0.000000E+00,  0.000000E+00
  6.230000E+04,  9.617673E-11,  0.000000E+00,  0.000000E+00,  0.000000E+00
  6.250000E+04,  9.495836E-11,  0.000000E+00,  0.000000E+00,  0.000000E+00
  6.270000E+04,  9.363239E-11,  0.000000E+00,  0.000000E+00,  0.000000E+00
  6.290000E+04,  8.987270E-11,  0.000000E+00,  0.000000E+00,  0.000000E+00
  6.310000E+04,  9.120668E-11,  0.000000E+00,  0.000000E+00,  0.000000E+00
  6.330000E+04,  9.035201E-11,  0.000000E+00,  0.000000E+00,  0.000000E+00
  6.350000E+04,  8.925632E-11,  0.000000E+00,  0.000000E+00,  0.000000E+00
  6.370000E+04,  8.818614E-11,  0.000000E+00,  0.000000E+00,  0.000000E+00
  6.390000E+04,  8.709897E-11,  0.000000E+00,  0.000000E+00,  0.000000E+00
  6.420000E+04,  8.553684E-11,  0.000000E+00,  0.000000E+00,  0.000000E+00
  6.460000E+04,  8.353066E-11,  0.000000E+00,  0.000000E+00,  0.000000E+00
  6.500000E+04,  8.149212E-11,  0.000000E+00,  0.000000E+00,  0.000000E+00
  6.540000E+04,  7.965225E-11,  0.000000E+00,  0.000000E+00,  0.000000E+00
  6.580000E+04,  7.771942E-11,  0.000000E+00,  0.000000E+00,  0.000000E+00
  6.620000E+04,  7.590939E-11,  0.000000E+00,  0.000000E+00,  0.000000E+00
  6.660000E+04,  7.416793E-11,  0.000000E+00,  0.000000E+00,  0.000000E+00
  6.700000E+04,  7.244972E-11,  0.000000E+00,  0.000000E+00,  0.000000E+00
  6.740000E+04,  7.058339E-11,  0.000000E+00,  0.000000E+00,  0.000000E+00
  6.780000E+04,  6.796308E-11,  0.000000E+00,  0.000000E+00,  0.000000E+00
  6.820000E+04,  6.740096E-11,  0.000000E+00,  0.000000E+00,  0.000000E+00
  6.860000E+04,  6.610374E-11,  0.000000E+00,  0.000000E+00,  0.000000E+00
  6.900000E+04,  6.462390E-11,  0.000000E+00,  0.000000E+00,  0.000000E+00
  6.940000E+04,  6.294057E-11,  0.000000E+00,  0.000000E+00,  0.000000E+00
  6.980000E+04,  6.175284E-11,  0.000000E+00,  0.000000E+00,  0.000000E+00
  7.020000E+04,  6.040153E-11,  0.000000E+00,  0.000000E+00,  0.000000E+00
  7.060000E+04,  5.904661E-11,  0.000000E+00,  0.000000E+00,  0.000000E+00
  7.100000E+04,  5.750062E-11,  0.000000E+00,  0.000000E+00,  0.000000E+00
  7.140000E+04,  5.651673E-11,  0.000000E+00,  0.000000E+00,  0.000000E+00
  7.180000E+04,  5.529140E-11,  0.000000E+00,  0.000000E+00,  0.000000E+00
  7.220000E+04,  5.409774E-11,  0.000000E+00,  0.000000E+00,  0.000000E+00
  7.260000E+04,  5.262943E-11,  0.000000E+00,  0.000000E+00,  0.000000E+00
  7.300000E+04,  5.176703E-11,  0.000000E+00,  0.000000E+00,  0.000000E+00
  7.340000E+04,  5.071088E-11,  0.000000E+00,  0.000000E+00,  0.000000E+00
  7.380000E+04,  4.959859E-11,  0.000000E+00,  0.000000E+00,  0.000000E+00
  7.420000E+04,  4.846718E-11,  0.000000E+00,  0.000000E+00,  0.000000E+00
  7.460000E+04,  4.665400E-11,  0.000000E+00,  0.000000E+00,  0.000000E+00
  7.500000E+04,  4.507637E-11,  0.000000E+00,  0.000000E+00,  0.000000E+00
  7.540000E+04,  4.546206E-11,  0.000000E+00,  0.000000E+00,  0.000000E+00
  7.580000E+04,  4.460679E-11,  0.000000E+00,  0.000000E+00,  0.000000E+00
  7.620000E+04,  4.378733E-11,  0.000000E+00,  0.000000E+00,  0.000000E+00
  7.660000E+04,  4.289635E-11,  0.000000E+00,  0.000000E+00,  0.000000E+00
  7.700000E+04,  4.203018E-11,  0.000000E+00,  0.000000E+00,  0.000000E+00
  7.740000E+04,  4.113413E-11,  0.000000E+00,  0.000000E+00,  0.000000E+00
  7.780000E+04,  3.987250E-11,  0.000000E+00,  0.000000E+00,  0.000000E+00
  7.820000E+04,  3.951136E-11,  0.000000E+00,  0.000000E+00,  0.000000E+00
  7.860000E+04,  3.877186E-11,  0.000000E+00,  0.000000E+00,  0.000000E+00
  7.900000E+04,  3.800698E-11,  0.000000E+00,  0.000000E+00,  0.000000E+00
  7.940000E+04,  3.726097E-11,  0.000000E+00,  0.000000E+00,  0.000000E+00
  7.980000E+04,  3.653307E-11,  0.000000E+00,  0.000000E+00,  0.000000E+00
  8.020000E+04,  3.582286E-11,  0.000000E+00,  0.000000E+00,  0.000000E+00
  8.060000E+04,  3.513008E-11,  0.000000E+00,  0.000000E+00,  0.000000E+00
  8.100000E+04,  3.445349E-11,  0.000000E+00,  0.000000E+00,  0.000000E+00
  8.140000E+04,  3.336547E-11,  0.000000E+00,  0.000000E+00,  0.000000E+00
  8.180000E+04,  3.303211E-11,  0.000000E+00,  0.000000E+00,  0.000000E+00
  8.220000E+04,  3.251974E-11,  0.000000E+00,  0.000000E+00,  0.000000E+00
  8.260000E+04,  3.190566E-11,  0.000000E+00,  0.000000E+00,  0.000000E+00
  8.300000E+04,  3.130566E-11,  0.000000E+00,  0.000000E+00,  0.000000E+00
  8.340000E+04,  3.071932E-11,  0.000000E+00,  0.000000E+00,  0.000000E+00
  8.380000E+04,  3.014581E-11,  0.000000E+00,  0.000000E+00,  0.000000E+00
  8.420000E+04,  2.958813E-11,  0.000000E+00,  0.000000E+00,  0.000000E+00
  8.460000E+04,  2.904279E-11,  0.000000E+00,  0.000000E+00,  0.000000E+00
  8.500000E+04,  2.850916E-11,  0.000000E+00,  0.000000E+00,  0.000000E+00
  8.540000E+04,  2.798804E-11,  0.000000E+00,  0.000000E+00,  0.000000E+00
  8.580000E+04,  2.746153E-11,  0.000000E+00,  0.000000E+00,  0.000000E+00
  8.620000E+04,  2.696966E-11,  0.000000E+00,  0.000000E+00,  0.000000E+00
  8.660000E+04,  2.604723E-11,  0.000000E+00,  0.000000E+00,  0.000000E+00
  8.700000E+04,  2.596984E-11,  0.000000E+00,  0.000000E+00,  0.000000E+00
  8.740000E+04,  2.528247E-11,  0.000000E+00,  0.000000E+00,  0.000000E+00
  8.780000E+04,  2.485005E-11,  0.000000E+00,  0.000000E+00,  0.000000E+00
  8.820000E+04,  2.465308E-11,  0.000000E+00,  0.000000E+00,  0.000000E+00
  8.860000E+04,  2.418317E-11,  0.000000E+00,  0.000000E+00,  0.000000E+00
  8.900000E+04,  2.379233E-11,  0.000000E+00,  0.000000E+00,  0.000000E+00
  8.940000E+04,  2.337667E-11,  0.000000E+00,  0.000000E+00,  0.000000E+00
  8.980000E+04,  2.296946E-11,  0.000000E+00,  0.000000E+00,  0.000000E+00
  9.020000E+04,  2.256215E-11,  0.000000E+00,  0.000000E+00,  0.000000E+00
  9.060000E+04,  2.214196E-11,  0.000000E+00,  0.000000E+00,  0.000000E+00
  9.100000E+04,  2.179979E-11,  0.000000E+00,  0.000000E+00,  0.000000E+00
  9.140000E+04,  2.142699E-11,  0.000000E+00,  0.000000E+00,  0.000000E+00
  9.180000E+04,  2.106137E-11,  0.000000E+00,  0.000000E+00,  0.000000E+00
  9.220000E+04,  2.070143E-11,  0.000000E+00,  0.000000E+00,  0.000000E+00
  9.260000E+04,  2.027129E-11,  0.000000E+00,  0.000000E+00,  0.000000E+00
  9.300000E+04,  2.000779E-11,  0.000000E+00,  0.000000E+00,  0.000000E+00
  9.340000E+04,  1.966827E-11,  0.000000E+00,  0.000000E+00,  0.000000E+00
  9.380000E+04,  1.901873E-11,  0.000000E+00,  0.000000E+00,  0.000000E+00
  9.420000E+04,  1.896068E-11,  0.000000E+00,  0.000000E+00,  0.000000E+00
  9.460000E+04,  1.871080E-11,  0.000000E+00,  0.000000E+00,  0.000000E+00
  9.500000E+04,  1.836003E-11,  0.000000E+00,  0.000000E+00,  0.000000E+00
  9.540000E+04,  1.804002E-11,  0.000000E+00,  0.000000E+00,  0.000000E+00
  9.580000E+04,  1.780457E-11,  0.000000E+00,  0.000000E+00,  0.000000E+00
  9.620000E+04,  1.751449E-11,  0.000000E+00,  0.000000E+00,  0.000000E+00
  9.660000E+04,  1.723049E-11,  0.000000E+00,  0.000000E+00,  0.000000E+00
  9.700000E+04,  1.695194E-11,  0.000000E+00,  0.000000E+00,  0.000000E+00
  9.740000E+04,  1.667923E-11,  0.000000E+00,  0.000000E+00,  0.000000E+00
  9.780000E+04,  1.641183E-11,  0.000000E+00,  0.000000E+00,  0.000000E+00
  9.820000E+04,  1.612456E-11,  0.000000E+00,  0.000000E+00,  0.000000E+00
  9.860000E+04,  1.580424E-11,  0.000000E+00,  0.000000E+00,  0.000000E+00
  9.900000E+04,  1.564137E-11,  0.000000E+00,  0.000000E+00,  0.000000E+00
  9.940000E+04,  1.539474E-11,  0.000000E+00,  0.000000E+00,  0.000000E+00
  9.980000E+04,  1.515289E-11,  0.000000E+00,  0.000000E+00,  0.000000E+00
  1.002000E+05,  1.491564E-11,  0.000000E+00,  0.000000E+00,  0.000000E+00
  2.000000E+05,  9.627495E-13,  0.000000E+00,  0.000000E+00,  0.000000E+00
  4.000000E+05,  6.032409E-14,  0.000000E+00,  0.000000E+00,  0.000000E+00
  6.000000E+05,  1.185499E-14,  0.000000E+00,  0.000000E+00,  0.000000E+00
  8.000000E+05,  3.729534E-15,  0.000000E+00,  0.000000E+00,  0.000000E+00
  1.000000E+06,  1.519214E-15,  0.000000E+00,  0.000000E+00,  0.000000E+00
  1.200000E+06,  7.289704E-16,  0.000000E+00,  0.000000E+00,  0.000000E+00
  1.400000E+06,  3.917100E-16,  0.000000E+00,  0.000000E+00,  0.000000E+00
  1.600000E+06,  2.286899E-16,  0.000000E+00,  0.000000E+00,  0.000000E+00
