wavelengths,fluxes,convolved_flux,filter_wavelengths,filter_trans
  1.472000E+02,  6.974060E-31,  0.000000E+00,  3.700000E+03,  0.000000E+00
  1.510000E+02,  3.413459E-30,  0.000000E+00,  3.800000E+03,  1.100000E-01
  1.552000E+02,  1.803480E-29,  0.000000E+00,  4.000000E+03,  9.200000E-01
  1.588000E+02,  6.998574E-29,  0.000000E+00,  4.200000E+03,  1.000000E+00
  1.620000E+02,  2.222970E-28,  0.000000E+00,  4.400000E+03,  9.400000E-01
  1.660000E+02,  8.855393E-28,  0.000000E+00,  4.600000E+03,  7.900000E-01
  1.703000E+02,  3.637265E-27,  0.000000E+00,  4.800000E+03,  5.800000E-01
  1.734000E+02,  9.643015E-27,  0.000000E+00,  5.000000E+03,  3.600000E-01
  1.768000E+02,  2.698275E-26,  0.000000E+00,  5.200000E+03,  1.500000E-01
  1.802000E+02,  7.261304E-26,  0.000000E+00,  5.400000E+03,  4.000000E-02
  1.817000E+02,  1.110406E-25,  0.000000E+00,  5.600000E+03,  0.000000E+00
  1.861000E+02,  3.709706E-25,  0.000000E+00,  0.000000E+00,  0.000000E+00
  1.910000E+02,  1.329811E-24,  0.000000E+00,  0.000000E+00,  0.000000E+00
  1.939000E+02,  2.743356E-24,  0.000000E+00,  0.000000E+00,  0.000000E+00
  1.984000E+02,  8.076602E-24,  0.000000E+00,  0.000000E+00,  0.000000E+00
  2.018000E+02,  1.766768E-23,  0.000000E+00,  0.000000E+00,  0.000000E+00
  2.050000E+02,  3.602925E-23,  0.000000E+00,  0.000000E+00,  0.000000E+00
  2.105000E+02,  1.164120E-22,  0.000000E+00,  0.000000E+00,  0.000000E+00
  2.162000E+02,  3.677464E-22,  0.000000E+00,  0.000000E+00,  0.000000E+00
  2.198000E+02,  7.359255E-22,  0.000000E+00,  0.000000E+00,  0.000000E+00
  2.230000E+02,  1.336519E-21,  0.000000E+00,  0.000000E+00,  0.000000E+00
  2.268000E+02,  2.653290E-21,  0.000000E+00,  0.000000E+00,  0.000000E+00
  2.300000E+02,  3.374469E-20,  0.000000E+00,  0.000000E+00,  0.000000E+00
  2.340000E+02,  7.730065E-20,  0.000000E+00,  0.000000E+00,  0.000000E+00
  2.400000E+02,  1.911981E-19,  0.000000E+00,  0.000000E+00,  0.000000E+00
  2.465000E+02,  4.828183E-19,  0.000000E+00,  0.000000E+00,  0.000000E+00
  2.524000E+02,  1.083778E-18,  0.000000E+00,  0.000000E+00,  0.000000E+00
  2.568000E+02,  1.850062E-18,  0.000000E+00,  0.000000E+00,  0.000000E+00
  2.600000E+02,  2.850785E-18,  0.000000E+00,  0.000000E+00,  0.000000E+00
  2.640000E+02,  4.630476E-18,  0.000000E+00,  0.000000E+00,  0.000000E+00
  2.685000E+02,  7.829117E-18,  0.000000E+00,  0.000000E+00,  0.000000E+00
  2.735000E+02,  1.372740E-17,  0.000000E+00,  0.000000E+00,  0.000000E+00
  2.785000E+02,  2.361275E-17,  0.000000E+00,  0.000000E+00,  0.000000E+00
  2.840000E+02,  4.185538E-17,  0.000000E+00,  0.000000E+00,  0.000000E+00
  2.900000E+02,  7.600632E-17,  0.000000E+00,  0.000000E+00,  0.000000E+00
  2.960000E+02,  1.343033E-16,  0.000000E+00,  0.000000E+00,  0.000000E+00
  3.010000E+02,  2.117318E-16,  0.000000E+00,  0.000000E+00,  0.000000E+00
  3.080000E+02,  3.789747E-16,  0.000000E+00,  0.000000E+00,  0.000000E+00
  3.180000E+02,  8.946090E-16,  0.000000E+00,  0.000000E+00,  0.000000E+00
  3.280000E+02,  1.924906E-15,  0.000000E+00,  0.000000E+00,  0.000000E+00
  3.380000E+02,  3.980068E-15,  0.000000E+00,  0.000000E+00,  0.000000E+00
  3.480000E+02,  7.833548E-15,  0.000000E+00,  0.000000E+00,  0.000000E+00
  3.570000E+02,  1.392737E-14,  0.000000E+00,  0.000000E+00,  0.000000E+00
  3.660000E+02,  2.413226E-14,  0.000000E+00,  0.000000E+00,  0.000000E+00
  3.750000E+02,  4.016450E-14,  0.000000E+00,  0.000000E+00,  0.000000E+00
  3.850000E+02,  6.922697E-14,  0.000000E+00,  0.000000E+00,  0.000000E+00
  3.950000E+02,  1.152412E-13,  0.000000E+00,  0.000000E+00,  0.000000E+00
  4.050000E+02,  1.868540E-13,  0.000000E+00,  0.000000E+00,  0.000000E+00
  4.140000E+02,  2.831823E-13,  0.000000E+00,  0.000000E+00,  0.000000E+00
  4.220000E+02,  4.006450E-13,  0.000000E+00,  0.000000E+00,  0.000000E+00
  4.300000E+02,  5.589994E-13,  0.000000E+00,  0.000000E+00,  0.000000E+00
  4.410000E+02,  8.712131E-13,  0.000000E+00,  0.000000E+00,  0.000000E+00
  4.510000E+02,  1.276365E-12,  0.000000E+00,  0.000000E+00,  0.000000E+00
  4.600000E+02,  1.764294E-12,  0.000000E+00,  0.000000E+00,  0.000000E+00
  4.700000E+02,  2.497611E-12,  0.000000E+00,  0.000000E+00,  0.000000E+00
  4.800000E+02,  3.468394E-12,  0.000000E+00,  0.000000E+00,  0.000000E+00
  4.900000E+02,  4.754105E-12,  0.000000E+00,  0.000000E+00,  0.000000E+00
  5.000000E+02,  6.422198E-12,  0.000000E+00,  0.000000E+00,  0.000000E+00
  5.060000E+02,  3.807915E-11,  0.000000E+00,  0.000000E+00,  0.000000E+00
  5.120000E+02,  1.274007E-10,  0.000000E+00,  0.000000E+00,  0.000000E+00
  5.200000E+02,  1.536028E-10,  0.000000E+00,  0.000000E+00,  0.000000E+00
  5.300000E+02,  1.998285E-10,  0.000000E+00,  0.000000E+00,  0.000000E+00
  5.400000E+02,  2.161458E-10,  0.000000E+00,  0.000000E+00,  0.000000E+00
  5.500000E+02,  2.906786E-10,  0.000000E+00,  0.000000E+00,  0.000000E+00
  5.600000E+02,  3.338126E-10,  0.000000E+00,  0.000000E+00,  0.000000E+00
  5.700000E+02,  3.987957E-10,  0.000000E+00,  0.000000E+00,  0.000000E+00
  5.800000E+02,  4.020895E-10,  0.000000E+00,  0.000000E+00,  0.000000E+00
  5.900000E+02,  5.104794E-10,  0.000000E+00,  0.000000E+00,  0.000000E+00
  6.000000E+02,  5.969799E-10,  0.000000E+00,  0.000000E+00,  0.000000E+00
  6.100000E+02,  6.909993E-10,  0.000000E+00,  0.000000E+00,  0.000000E+00
  6.200000E+02,  7.724592E-10,  0.000000E+00,  0.000000E+00,  0.000000E+00
  6.300000E+02,  8.761618E-10,  0.000000E+00,  0.000000E+00,  0.000000E+00
  6.400000E+02,  9.453170E-10,  0.000000E+00,  0.000000E+00,  0.000000E+00
  6.500000E+02,  1.055317E-09,  0.000000E+00,  0.000000E+00,  0.000000E+00
  6.580000E+02,  1.183770E-09,  0.000000E+00,  0.000000E+00,  0.000000E+00
  6.650000E+02,  1.275843E-09,  0.000000E+00,  0.000000E+00,  0.000000E+00
  6.750000E+02,  1.375607E-09,  0.000000E+00,  0.000000E+00,  0.000000E+00
  6.850000E+02,  1.500109E-09,  0.000000E+00,  0.000000E+00,  0.000000E+00
  6.950000E+02,  1.721345E-09,  0.000000E+00,  0.000000E+00,  0.000000E+00
  7.050000E+02,  1.856405E-09,  0.000000E+00,  0.000000E+00,  0.000000E+00
  7.160000E+02,  2.060910E-09,  0.000000E+00,  0.000000E+00,  0.000000E+00
  7.260000E+02,  2.222058E-09,  0.000000E+00,  0.000000E+00,  0.000000E+00
  7.350000E+02,  2.400065E-09,  0.000000E+00,  0.000000E+00,  0.000000E+00
  7.450000E+02,  2.631995E-09,  0.000000E+00,  0.000000E+00,  0.000000E+00
  7.550000E+02,  2.848380E-09,  0.000000E+00,  0.000000E+00,  0.000000E+00
  7.650000E+02,  3.064186E-09,  0.000000E+00,  0.000000E+00,  0.000000E+00
  7.750000E+02,  3.313417E-09,  0.000000E+00,  0.000000E+00,  0.000000E+00
  7.850000E+02,  3.567952E-09,  0.000000E+00,  0.000000E+00,  0.000000E+00
  7.950000E+02,  3.789527E-09,  0.000000E+00,  0.000000E+00,  0.000000E+00
  8.050000E+02,  4.044755E-09,  0.000000E+00,  0.000000E+00,  0.000000E+00
  8.150000E+02,  4.285573E-09,  0.000000E+00,  0.000000E+00,  0.000000E+00
  8.250000E+02,  4.596521E-09,  0.000000E+00,  0.000000E+00,  0.000000E+00
  8.350000E+02,  4.754629E-09,  0.000000E+00,  0.000000E+00,  0.000000E+00
  8.450000E+02,  5.109325E-09,  0.000000E+00,  0.000000E+00,  0.000000E+00
  8.550000E+02,  5.383286E-09,  0.000000E+00,  0.000000E+00,  0.000000E+00
  8.650000E+02,  5.725324E-09,  0.000000E+00,  0.000000E+00,  0.000000E+00
  8.750000E+02,  6.083895E-09,  0.000000E+00,  0.000000E+00,  0.000000E+00
  8.850000E+02,  6.436648E-09,  0.000000E+00,  0.000000E+00,  0.000000E+00
  8.950000E+02,  6.761733E-09,  0.000000E+00,  0.000000E+00,  0.000000E+00
  9.050000E+02,  6.988555E-09,  0.000000E+00,  0.000000E+00,  0.000000E+00
  9.150000E+02,  9.592825E-09,  0.000000E+00,  0.000000E+00,  0.000000E+00
  9.250000E+02,  4.944017E-08,  0.000000E+00,  0.000000E+00,  0.000000E+00
  9.350000E+02,  1.407836E-07,  0.000000E+00,  0.000000E+00,  0.000000E+00
  9.450000E+02,  4.365597E-07,  0.000000E+00,  0.000000E+00,  0.000000E+00
  9.550000E+02,  6.606597E-07,  0.000000E+00,  0.000000E+00,  0.000000E+00
  9.650000E+02,  8.902270E-07,  0.000000E+00,  0.000000E+00,  0.000000E+00
  9.750000E+02,  2.784680E-07,  0.000000E+00,  0.000000E+00,  0.000000E+00
  9.850000E+02,  1.030562E-06,  0.000000E+00,  0.000000E+00,  0.000000E+00
  9.950000E+02,  9.881903E-07,  0.000000E+00,  0.000000E+00,  0.000000E+00
  1.005000E+03,  1.040256E-06,  0.000000E+00,  0.000000E+00,  0.000000E+00
  1.015000E+03,  9.159490E-07,  0.000000E+00,  0.000000E+00,  0.000000E+00
  1.025000E+03,  2.626375E-07,  0.000000E+00,  0.000000E+00,  0.000000E+00
  1.035000E+03,  7.733624E-07,  0.000000E+00,  0.000000E+00,  0.000000E+00
  1.045000E+03,  1.050758E-06,  0.000000E+00,  0.000000E+00,  0.000000E+00
  1.055000E+03,  1.014754E-06,  0.000000E+00,  0.000000E+00,  0.000000E+00
  1.065000E+03,  9.062031E-07,  0.000000E+00,  0.000000E+00,  0.000000E+00
  1.075000E+03,  9.610447E-07,  0.000000E+00,  0.000000E+00,  0.000000E+00
  1.085000E+03,  8.754953E-07,  0.000000E+00,  0.000000E+00,  0.000000E+00
  1.095000E+03,  9.392918E-07,  0.000000E+00,  0.000000E+00,  0.000000E+00
  1.105000E+03,  8.846606E-07,  0.000000E+00,  0.000000E+00,  0.000000E+00
  1.115000E+03,  8.749612E-07,  0.000000E+00,  0.000000E+00,  0.000000E+00
  1.125000E+03,  8.019521E-07,  0.000000E+00,  0.000000E+00,  0.000000E+00
  1.135000E+03,  8.461289E-07,  0.000000E+00,  0.000000E+00,  0.000000E+00
  1.145000E+03,  7.833935E-07,  0.000000E+00,  0.000000E+00,  0.000000E+00
  1.155000E+03,  8.041048E-07,  0.000000E+00,  0.000000E+00,  0.000000E+00
  1.165000E+03,  7.927530E-07,  0.000000E+00,  0.000000E+00,  0.000000E+00
  1.175000E+03,  6.460458E-07,  0.000000E+00,  0.000000E+00,  0.000000E+00
  1.185000E+03,  7.485400E-07,  0.000000E+00,  0.000000E+00,  0.000000E+00
  1.195000E+03,  6.891010E-07,  0.000000E+00,  0.000000E+00,  0.000000E+00
  1.205000E+03,  5.527916E-07,  0.000000E+00,  0.000000E+00,  0.000000E+00
  1.215000E+03,  1.937873E-07,  0.000000E+00,  0.000000E+00,  0.000000E+00
  1.225000E+03,  5.547059E-07,  0.000000E+00,  0.000000E+00,  0.000000E+00
  1.235000E+03,  6.584265E-07,  0.000000E+00,  0.000000E+00,  0.000000E+00
  1.245000E+03,  6.550166E-07,  0.000000E+00,  0.000000E+00,  0.000000E+00
  1.255000E+03,  6.422311E-07,  0.000000E+00,  0.000000E+00,  0.000000E+00
  1.265000E+03,  6.309141E-07,  0.000000E+00,  0.000000E+00,  0.000000E+00
  1.275000E+03,  6.320361E-07,  0.000000E+00,  0.000000E+00,  0.000000E+00
  1.285000E+03,  6.179076E-07,  0.000000E+00,  0.000000E+00,  0.000000E+00
  1.295000E+03,  5.501712E-07,  0.000000E+00,  0.000000E+00,  0.000000E+00
  1.305000E+03,  5.523031E-07,  0.000000E+00,  0.000000E+00,  0.000000E+00
  1.315000E+03,  5.792809E-07,  0.000000E+00,  0.000000E+00,  0.000000E+00
  1.325000E+03,  5.553326E-07,  0.000000E+00,  0.000000E+00,  0.000000E+00
  1.335000E+03,  5.318236E-07,  0.000000E+00,  0.000000E+00,  0.000000E+00
  1.345000E+03,  5.338394E-07,  0.000000E+00,  0.000000E+00,  0.000000E+00
  1.355000E+03,  5.324478E-07,  0.000000E+00,  0.000000E+00,  0.000000E+00
  1.365000E+03,  5.098411E-07,  0.000000E+00,  0.000000E+00,  0.000000E+00
  1.375000E+03,  5.010656E-07,  0.000000E+00,  0.000000E+00,  0.000000E+00
  1.385000E+03,  4.936740E-07,  0.000000E+00,  0.000000E+00,  0.000000E+00
  1.395000E+03,  4.523524E-07,  0.000000E+00,  0.000000E+00,  0.000000E+00
  1.405000E+03,  4.556927E-07,  0.000000E+00,  0.000000E+00,  0.000000E+00
  1.415000E+03,  4.595000E-07,  0.000000E+00,  0.000000E+00,  0.000000E+00
  1.425000E+03,  4.492531E-07,  0.000000E+00,  0.000000E+00,  0.000000E+00
  1.435000E+03,  4.452663E-07,  0.000000E+00,  0.000000E+00,  0.000000E+00
  1.442000E+03,  4.449319E-07,  0.000000E+00,  0.000000E+00,  0.000000E+00
  1.447000E+03,  4.381563E-07,  0.000000E+00,  0.000000E+00,  0.000000E+00
  1.455000E+03,  4.302050E-07,  0.000000E+00,  0.000000E+00,  0.000000E+00
  1.465000E+03,  4.169138E-07,  0.000000E+00,  0.000000E+00,  0.000000E+00
  1.475000E+03,  4.104054E-07,  0.000000E+00,  0.000000E+00,  0.000000E+00
  1.485000E+03,  4.012048E-07,  0.000000E+00,  0.000000E+00,  0.000000E+00
  1.495000E+03,  3.938836E-07,  0.000000E+00,  0.000000E+00,  0.000000E+00
  1.505000E+03,  3.766362E-07,  0.000000E+00,  0.000000E+00,  0.000000E+00
  1.512000E+03,  3.627459E-07,  0.000000E+00,  0.000000E+00,  0.000000E+00
  1.517000E+03,  3.649217E-07,  0.000000E+00,  0.000000E+00,  0.000000E+00
  1.525000E+03,  3.611473E-07,  0.000000E+00,  0.000000E+00,  0.000000E+00
  1.535000E+03,  3.381653E-07,  0.000000E+00,  0.000000E+00,  0.000000E+00
  1.545000E+03,  3.380601E-07,  0.000000E+00,  0.000000E+00,  0.000000E+00
  1.555000E+03,  3.246913E-07,  0.000000E+00,  0.000000E+00,  0.000000E+00
  1.565000E+03,  3.310331E-07,  0.000000E+00,  0.000000E+00,  0.000000E+00
  1.575000E+03,  3.316636E-07,  0.000000E+00,  0.000000E+00,  0.000000E+00
  1.585000E+03,  3.260160E-07,  0.000000E+00,  0.000000E+00,  0.000000E+00
  1.595000E+03,  3.223831E-07,  0.000000E+00,  0.000000E+00,  0.000000E+00
  1.605000E+03,  3.115121E-07,  0.000000E+00,  0.000000E+00,  0.000000E+00
  1.615000E+03,  3.053696E-07,  0.000000E+00,  0.000000E+00,  0.000000E+00
  1.625000E+03,  3.037860E-07,  0.000000E+00,  0.000000E+00,  0.000000E+00
  1.635000E+03,  3.034533E-07,  0.000000E+00,  0.000000E+00,  0.000000E+00
  1.645000E+03,  2.946782E-07,  0.000000E+00,  0.000000E+00,  0.000000E+00
  1.655000E+03,  2.925212E-07,  0.000000E+00,  0.000000E+00,  0.000000E+00
  1.665000E+03,  2.905581E-07,  0.000000E+00,  0.000000E+00,  0.000000E+00
  1.672000E+03,  2.829154E-07,  0.000000E+00,  0.000000E+00,  0.000000E+00
  1.677000E+03,  2.878361E-07,  0.000000E+00,  0.000000E+00,  0.000000E+00
  1.685000E+03,  2.825193E-07,  0.000000E+00,  0.000000E+00,  0.000000E+00
  1.695000E+03,  2.749158E-07,  0.000000E+00,  0.000000E+00,  0.000000E+00
  1.705000E+03,  2.674761E-07,  0.000000E+00,  0.000000E+00,  0.000000E+00
  1.715000E+03,  2.595748E-07,  0.000000E+00,  0.000000E+00,  0.000000E+00
  1.725000E+03,  2.556754E-07,  0.000000E+00,  0.000000E+00,  0.000000E+00
  1.735000E+03,  2.545949E-07,  0.000000E+00,  0.000000E+00,  0.000000E+00
  1.745000E+03,  2.495522E-07,  0.000000E+00,  0.000000E+00,  0.000000E+00
  1.755000E+03,  2.484463E-07,  0.000000E+00,  0.000000E+00,  0.000000E+00
  1.765000E+03,  2.385092E-07,  0.000000E+00,  0.000000E+00,  0.000000E+00
  1.775000E+03,  2.356345E-07,  0.000000E+00,  0.000000E+00,  0.000000E+00
  1.785000E+03,  2.341867E-07,  0.000000E+00,  0.000000E+00,  0.000000E+00
  1.795000E+03,  2.330078E-07,  0.000000E+00,  0.000000E+00,  0.000000E+00
  1.805000E+03,  2.308635E-07,  0.000000E+00,  0.000000E+00,  0.000000E+00
  1.815000E+03,  2.223492E-07,  0.000000E+00,  0.000000E+00,  0.000000E+00
  1.825000E+03,  2.213637E-07,  0.000000E+00,  0.000000E+00,  0.000000E+00
  1.835000E+03,  2.170376E-07,  0.000000E+00,  0.000000E+00,  0.000000E+00
  1.845000E+03,  2.049811E-07,  0.000000E+00,  0.000000E+00,  0.000000E+00
  1.855000E+03,  2.014419E-07,  0.000000E+00,  0.000000E+00,  0.000000E+00
  1.865000E+03,  2.022130E-07,  0.000000E+00,  0.000000E+00,  0.000000E+00
  1.875000E+03,  2.034216E-07,  0.000000E+00,  0.000000E+00,  0.000000E+00
  1.885000E+03,  1.907265E-07,  0.000000E+00,  0.000000E+00,  0.000000E+00
  1.895000E+03,  1.823430E-07,  0.000000E+00,  0.000000E+00,  0.000000E+00
  1.905000E+03,  1.883859E-07,  0.000000E+00,  0.000000E+00,  0.000000E+00
  1.915000E+03,  1.812886E-07,  0.000000E+00,  0.000000E+00,  0.000000E+00
  1.925000E+03,  1.765071E-07,  0.000000E+00,  0.000000E+00,  0.000000E+00
  1.935000E+03,  1.792944E-07,  0.000000E+00,  0.000000E+00,  0.000000E+00
  1.945000E+03,  1.802604E-07,  0.000000E+00,  0.000000E+00,  0.000000E+00
  1.955000E+03,  1.695261E-07,  0.000000E+00,  0.000000E+00,  0.000000E+00
  1.967000E+03,  1.736235E-07,  0.000000E+00,  0.000000E+00,  0.000000E+00
  1.976000E+03,  1.763346E-07,  0.000000E+00,  0.000000E+00,  0.000000E+00
  1.984000E+03,  1.684113E-07,  0.000000E+00,  0.000000E+00,  0.000000E+00
  1.995000E+03,  1.636289E-07,  0.000000E+00,  0.000000E+00,  0.000000E+00
  2.005000E+03,  1.650587E-07,  0.000000E+00,  0.000000E+00,  0.000000E+00
  2.015000E+03,  1.647622E-07,  0.000000E+00,  0.000000E+00,  0.000000E+00
  2.025000E+03,  1.648138E-07,  0.000000E+00,  0.000000E+00,  0.000000E+00
  2.035000E+03,  1.581543E-07,  0.000000E+00,  0.000000E+00,  0.000000E+00
  2.045000E+03,  1.563609E-07,  0.000000E+00,  0.000000E+00,  0.000000E+00
  2.055000E+03,  1.518242E-07,  0.000000E+00,  0.000000E+00,  0.000000E+00
  2.065000E+03,  1.513711E-07,  0.000000E+00,  0.000000E+00,  0.000000E+00
  2.074000E+03,  1.539411E-07,  0.000000E+00,  0.000000E+00,  0.000000E+00
  2.078000E+03,  1.483306E-07,  0.000000E+00,  0.000000E+00,  0.000000E+00
  2.085000E+03,  1.484876E-07,  0.000000E+00,  0.000000E+00,  0.000000E+00
  2.095000E+03,  1.440004E-07,  0.000000E+00,  0.000000E+00,  0.000000E+00
  2.105000E+03,  1.453244E-07,  0.000000E+00,  0.000000E+00,  0.000000E+00
  2.115000E+03,  1.439992E-07,  0.000000E+00,  0.000000E+00,  0.000000E+00
  2.125000E+03,  1.439280E-07,  0.000000E+00,  0.000000E+00,  0.000000E+00
  2.135000E+03,  1.412563E-07,  0.000000E+00,  0.000000E+00,  0.000000E+00
  2.145000E+03,  1.376845E-07,  0.000000E+00,  0.000000E+00,  0.000000E+00
  2.155000E+03,  1.375936E-07,  0.000000E+00,  0.000000E+00,  0.000000E+00
  2.165000E+03,  1.360130E-07,  0.000000E+00,  0.000000E+00,  0.000000E+00
  2.175000E+03,  1.338030E-07,  0.000000E+00,  0.000000E+00,  0.000000E+00
  2.185000E+03,  1.321692E-07,  0.000000E+00,  0.000000E+00,  0.000000E+00
  2.195000E+03,  1.309069E-07,  0.000000E+00,  0.000000E+00,  0.000000E+00
  2.205000E+03,  1.290276E-07,  0.000000E+00,  0.000000E+00,  0.000000E+00
  2.215000E+03,  1.274088E-07,  0.000000E+00,  0.000000E+00,  0.000000E+00
  2.225000E+03,  1.252517E-07,  0.000000E+00,  0.000000E+00,  0.000000E+00
  2.235000E+03,  1.234448E-07,  0.000000E+00,  0.000000E+00,  0.000000E+00
  2.245000E+03,  1.224214E-07,  0.000000E+00,  0.000000E+00,  0.000000E+00
  2.255000E+03,  1.203853E-07,  0.000000E+00,  0.000000E+00,  0.000000E+00
  2.265000E+03,  1.192818E-07,  0.000000E+00,  0.000000E+00,  0.000000E+00
  2.275000E+03,  1.176864E-07,  0.000000E+00,  0.000000E+00,  0.000000E+00
  2.285000E+03,  1.164007E-07,  0.000000E+00,  0.000000E+00,  0.000000E+00
  2.295000E+03,  1.130855E-07,  0.000000E+00,  0.000000E+00,  0.000000E+00
  2.305000E+03,  1.132385E-07,  0.000000E+00,  0.000000E+00,  0.000000E+00
  2.315000E+03,  1.113698E-07,  0.000000E+00,  0.000000E+00,  0.000000E+00
  2.325000E+03,  1.100488E-07,  0.000000E+00,  0.000000E+00,  0.000000E+00
  2.335000E+03,  1.081546E-07,  0.000000E+00,  0.000000E+00,  0.000000E+00
  2.345000E+03,  1.069807E-07,  0.000000E+00,  0.000000E+00,  0.000000E+00
  2.355000E+03,  1.060546E-07,  0.000000E+00,  0.000000E+00,  0.000000E+00
  2.365000E+03,  1.045657E-07,  0.000000E+00,  0.000000E+00,  0.000000E+00
  2.375000E+03,  1.031812E-07,  0.000000E+00,  0.000000E+00,  0.000000E+00
  2.385000E+03,  1.017677E-07,  0.000000E+00,  0.000000E+00,  0.000000E+00
  2.395000E+03,  1.005411E-07,  0.000000E+00,  0.000000E+00,  0.000000E+00
  2.405000E+03,  9.928703E-08,  0.000000E+00,  0.000000E+00,  0.000000E+00
  2.415000E+03,  9.793195E-08,  0.000000E+00,  0.000000E+00,  0.000000E+00
  2.425000E+03,  9.714673E-08,  0.000000E+00,  0.000000E+00,  0.000000E+00
  2.435000E+03,  9.566677E-08,  0.000000E+00,  0.000000E+00,  0.000000E+00
  2.445000E+03,  9.461110E-08,  0.000000E+00,  0.000000E+00,  0.000000E+00
  2.455000E+03,  9.364137E-08,  0.000000E+00,  0.000000E+00,  0.000000E+00
  2.465000E+03,  9.238954E-08,  0.000000E+00,  0.000000E+00,  0.000000E+00
  2.475000E+03,  9.127313E-08,  0.000000E+00,  0.000000E+00,  0.000000E+00
  2.485000E+03,  9.012682E-08,  0.000000E+00,  0.000000E+00,  0.000000E+00
  2.495000E+03,  8.724562E-08,  0.000000E+00,  0.000000E+00,  0.000000E+00
  2.505000E+03,  8.782820E-08,  0.000000E+00,  0.000000E+00,  0.000000E+00
  2.513000E+03,  8.577198E-08,  0.000000E+00,  0.000000E+00,  0.000000E+00
  2.518000E+03,  8.650100E-08,  0.000000E+00,  0.000000E+00,  0.000000E+00
  2.525000E+03,  8.575190E-08,  0.000000E+00,  0.000000E+00,  0.000000E+00
  2.535000E+03,  8.465417E-08,  0.000000E+00,  0.000000E+00,  0.000000E+00
  2.545000E+03,  8.319983E-08,  0.000000E+00,  0.000000E+00,  0.000000E+00
  2.555000E+03,  8.270336E-08,  0.000000E+00,  0.000000E+00,  0.000000E+00
  2.565000E+03,  8.171783E-08,  0.000000E+00,  0.000000E+00,  0.000000E+00
  2.575000E+03,  8.093275E-08,  0.000000E+00,  0.000000E+00,  0.000000E+00
  2.585000E+03,  7.998976E-08,  0.000000E+00,  0.000000E+00,  0.000000E+00
  2.595000E+03,  7.903620E-08,  0.000000E+00,  0.000000E+00,  0.000000E+00
  2.605000E+03,  7.857391E-08,  0.000000E+00,  0.000000E+00,  0.000000E+00
  2.615000E+03,  7.772259E-08,  0.000000E+00,  0.000000E+00,  0.000000E+00
  2.625000E+03,  7.687649E-08,  0.000000E+00,  0.000000E+00,  0.000000E+00
  2.635000E+03,  7.589533E-08,  0.000000E+00,  0.000000E+00,  0.000000E+00
  2.645000E+03,  7.509380E-08,  0.000000E+00,  0.000000E+00,  0.000000E+00
  2.655000E+03,  7.416075E-08,  0.000000E+00,  0.000000E+00,  0.000000E+00
  2.665000E+03,  7.301228E-08,  0.000000E+00,  0.000000E+00,  0.000000E+00
  2.675000E+03,  7.217128E-08,  0.000000E+00,  0.000000E+00,  0.000000E+00
  2.685000E+03,  7.187124E-08,  0.000000E+00,  0.000000E+00,  0.000000E+00
  2.695000E+03,  7.030174E-08,  0.000000E+00,  0.000000E+00,  0.000000E+00
  2.705000E+03,  7.014260E-08,  0.000000E+00,  0.000000E+00,  0.000000E+00
  2.715000E+03,  6.936817E-08,  0.000000E+00,  0.000000E+00,  0.000000E+00
  2.725000E+03,  6.798609E-08,  0.000000E+00,  0.000000E+00,  0.000000E+00
  2.735000E+03,  6.785024E-08,  0.000000E+00,  0.000000E+00,  0.000000E+00
  2.745000E+03,  6.673503E-08,  0.000000E+00,  0.000000E+00,  0.000000E+00
  2.755000E+03,  6.612835E-08,  0.000000E+00,  0.000000E+00,  0.000000E+00
  2.765000E+03,  6.494493E-08,  0.000000E+00,  0.000000E+00,  0.000000E+00
  2.775000E+03,  6.491266E-08,  0.000000E+00,  0.000000E+00,  0.000000E+00
  2.785000E+03,  6.414799E-08,  0.000000E+00,  0.000000E+00,  0.000000E+00
  2.795000E+03,  6.251720E-08,  0.000000E+00,  0.000000E+00,  0.000000E+00
  2.805000E+03,  6.240433E-08,  0.000000E+00,  0.000000E+00,  0.000000E+00
  2.815000E+03,  6.209733E-08,  0.000000E+00,  0.000000E+00,  0.000000E+00
  2.825000E+03,  6.068868E-08,  0.000000E+00,  0.000000E+00,  0.000000E+00
  2.835000E+03,  5.982390E-08,  0.000000E+00,  0.000000E+00,  0.000000E+00
  2.845000E+03,  6.005581E-08,  0.000000E+00,  0.000000E+00,  0.000000E+00
  2.855000E+03,  5.939456E-08,  0.000000E+00,  0.000000E+00,  0.000000E+00
  2.865000E+03,  5.879563E-08,  0.000000E+00,  0.000000E+00,  0.000000E+00
  2.875000E+03,  5.815240E-08,  0.000000E+00,  0.000000E+00,  0.000000E+00
  2.885000E+03,  5.753700E-08,  0.000000E+00,  0.000000E+00,  0.000000E+00
  2.895000E+03,  5.691172E-08,  0.000000E+00,  0.000000E+00,  0.000000E+00
  2.910000E+03,  5.598514E-08,  0.000000E+00,  0.000000E+00,  0.000000E+00
  2.930000E+03,  5.478163E-08,  0.000000E+00,  0.000000E+00,  0.000000E+00
  2.950000E+03,  5.320164E-08,  0.000000E+00,  0.000000E+00,  0.000000E+00
  2.970000E+03,  5.254181E-08,  0.000000E+00,  0.000000E+00,  0.000000E+00
  2.990000E+03,  5.140387E-08,  0.000000E+00,  0.000000E+00,  0.000000E+00
  3.010000E+03,  5.033300E-08,  0.000000E+00,  0.000000E+00,  0.000000E+00
  3.030000E+03,  4.936897E-08,  0.000000E+00,  0.000000E+00,  0.000000E+00
  3.050000E+03,  4.836213E-08,  0.000000E+00,  0.000000E+00,  0.000000E+00
  3.070000E+03,  4.738322E-08,  0.000000E+00,  0.000000E+00,  0.000000E+00
  3.090000E+03,  4.632944E-08,  0.000000E+00,  0.000000E+00,  0.000000E+00
  3.110000E+03,  4.548508E-08,  0.000000E+00,  0.000000E+00,  0.000000E+00
  3.130000E+03,  4.461306E-08,  0.000000E+00,  0.000000E+00,  0.000000E+00
  3.150000E+03,  4.373298E-08,  0.000000E+00,  0.000000E+00,  0.000000E+00
  3.170000E+03,  4.284144E-08,  0.000000E+00,  0.000000E+00,  0.000000E+00
  3.190000E+03,  4.162167E-08,  0.000000E+00,  0.000000E+00,  0.000000E+00
  3.210000E+03,  4.118415E-08,  0.000000E+00,  0.000000E+00,  0.000000E+00
  3.230000E+03,  4.036737E-08,  0.000000E+00,  0.000000E+00,  0.000000E+00
  3.250000E+03,  3.958493E-08,  0.000000E+00,  0.000000E+00,  0.000000E+00
  3.270000E+03,  3.887170E-08,  0.000000E+00,  0.000000E+00,  0.000000E+00
  3.290000E+03,  3.806539E-08,  0.000000E+00,  0.000000E+00,  0.000000E+00
  3.310000E+03,  3.740916E-08,  0.000000E+00,  0.000000E+00,  0.000000E+00
  3.330000E+03,  3.669897E-08,  0.000000E+00,  0.000000E+00,  0.000000E+00
  3.350000E+03,  3.593793E-08,  0.000000E+00,  0.000000E+00,  0.000000E+00
  3.370000E+03,  3.533288E-08,  0.000000E+00,  0.000000E+00,  0.000000E+00
  3.390000E+03,  3.467863E-08,  0.000000E+00,  0.000000E+00,  0.000000E+00
  3.410000E+03,  3.403735E-08,  0.000000E+00,  0.000000E+00,  0.000000E+00
  3.430000E+03,  3.324456E-08,  0.000000E+00,  0.000000E+00,  0.000000E+00
  3.450000E+03,  3.250865E-08,  0.000000E+00,  0.000000E+00,  0.000000E+00
  3.470000E+03,  3.201439E-08,  0.000000E+00,  0.000000E+00,  0.000000E+00
  3.490000E+03,  3.143027E-08,  0.000000E+00,  0.000000E+00,  0.000000E+00
  3.510000E+03,  3.093405E-08,  0.000000E+00,  0.000000E+00,  0.000000E+00
  3.530000E+03,  3.045030E-08,  0.000000E+00,  0.000000E+00,  0.000000E+00
  3.550000E+03,  2.991589E-08,  0.000000E+00,  0.000000E+00,  0.000000E+00
  3.570000E+03,  2.956744E-08,  0.000000E+00,  0.000000E+00,  0.000000E+00
  3.590000E+03,  2.881881E-08,  0.000000E+00,  0.000000E+00,  0.000000E+00
  3.610000E+03,  2.840156E-08,  0.000000E+00,  0.000000E+00,  0.000000E+00
  3.630000E+03,  2.782768E-08,  0.000000E+00,  0.000000E+00,  0.000000E+00
  3.640000E+03,  2.780343E-08,  0.000000E+00,  0.000000E+00,  0.000000E+00
  3.650000E+03,  2.730345E-08,  0.000000E+00,  0.000000E+00,  0.000000E+00
  3.670000E+03,  2.695740E-08,  0.000000E+00,  0.000000E+00,  0.000000E+00
  3.690000E+03,  2.645502E-08,  0.000000E+00,  0.000000E+00,  0.000000E+00
  3.710000E+03,  2.554354E-08,  2.809789E-10,  0.000000E+00,  0.000000E+00
  3.730000E+03,  2.447936E-08,  8.078190E-10,  0.000000E+00,  0.000000E+00
  3.750000E+03,  2.503707E-08,  1.377039E-09,  0.000000E+00,  0.000000E+00
  3.770000E+03,  2.484982E-08,  1.913436E-09,  0.000000E+00,  0.000000E+00
  3.790000E+03,  2.625658E-08,  2.599402E-09,  0.000000E+00,  0.000000E+00
  3.810000E+03,  2.745668E-08,  4.132231E-09,  0.000000E+00,  0.000000E+00
  3.830000E+03,  2.381396E-08,  5.512933E-09,  0.000000E+00,  0.000000E+00
  3.850000E+03,  2.838936E-08,  8.871675E-09,  0.000000E+00,  0.000000E+00
  3.870000E+03,  2.886666E-08,  1.135903E-08,  0.000000E+00,  0.000000E+00
  3.890000E+03,  2.244141E-08,  1.064845E-08,  0.000000E+00,  0.000000E+00
  3.910000E+03,  2.844389E-08,  1.580058E-08,  0.000000E+00,  0.000000E+00
  3.930000E+03,  2.816244E-08,  1.792539E-08,  0.000000E+00,  0.000000E+00
  3.950000E+03,  2.755175E-08,  1.976838E-08,  0.000000E+00,  0.000000E+00
  3.970000E+03,  2.088210E-08,  1.667436E-08,  0.000000E+00,  0.000000E+00
  3.990000E+03,  2.635609E-08,  2.318018E-08,  0.000000E+00,  0.000000E+00
  4.010000E+03,  2.642036E-08,  2.441241E-08,  0.000000E+00,  0.000000E+00
  4.030000E+03,  2.467200E-08,  2.299430E-08,  0.000000E+00,  0.000000E+00
  4.050000E+03,  2.586717E-08,  2.431514E-08,  0.000000E+00,  0.000000E+00
  4.070000E+03,  2.521191E-08,  2.390089E-08,  0.000000E+00,  0.000000E+00
  4.090000E+03,  2.279430E-08,  2.179135E-08,  0.000000E+00,  0.000000E+00
  4.110000E+03,  1.976764E-08,  1.905600E-08,  0.000000E+00,  0.000000E+00
  4.130000E+03,  2.360330E-08,  2.294241E-08,  0.000000E+00,  0.000000E+00
  4.150000E+03,  2.349070E-08,  2.302088E-08,  0.000000E+00,  0.000000E+00
  4.170000E+03,  2.334997E-08,  2.306977E-08,  0.000000E+00,  0.000000E+00
  4.190000E+03,  2.303557E-08,  2.294343E-08,  0.000000E+00,  0.000000E+00
  4.210000E+03,  2.267263E-08,  2.260461E-08,  0.000000E+00,  0.000000E+00
  4.230000E+03,  2.228511E-08,  2.208455E-08,  0.000000E+00,  0.000000E+00
  4.250000E+03,  2.189667E-08,  2.156822E-08,  0.000000E+00,  0.000000E+00
  4.270000E+03,  2.141761E-08,  2.096784E-08,  0.000000E+00,  0.000000E+00
  4.290000E+03,  2.112047E-08,  2.055022E-08,  0.000000E+00,  0.000000E+00
  4.310000E+03,  2.060647E-08,  1.992646E-08,  0.000000E+00,  0.000000E+00
  4.330000E+03,  1.829840E-08,  1.758476E-08,  0.000000E+00,  0.000000E+00
  4.350000E+03,  1.663566E-08,  1.588706E-08,  0.000000E+00,  0.000000E+00
  4.370000E+03,  1.954285E-08,  1.854617E-08,  0.000000E+00,  0.000000E+00
  4.390000E+03,  1.881675E-08,  1.774420E-08,  0.000000E+00,  0.000000E+00
  4.410000E+03,  1.916134E-08,  1.786795E-08,  0.000000E+00,  0.000000E+00
  4.430000E+03,  1.881071E-08,  1.725882E-08,  0.000000E+00,  0.000000E+00
  4.450000E+03,  1.859911E-08,  1.678569E-08,  0.000000E+00,  0.000000E+00
  4.470000E+03,  1.732441E-08,  1.537542E-08,  0.000000E+00,  0.000000E+00
  4.490000E+03,  1.797427E-08,  1.568255E-08,  0.000000E+00,  0.000000E+00
  4.510000E+03,  1.775309E-08,  1.522327E-08,  0.000000E+00,  0.000000E+00
  4.530000E+03,  1.746949E-08,  1.471804E-08,  0.000000E+00,  0.000000E+00
  4.550000E+03,  1.719027E-08,  1.422495E-08,  0.000000E+00,  0.000000E+00
  4.570000E+03,  1.691800E-08,  1.374588E-08,  0.000000E+00,  0.000000E+00
  4.590000E+03,  1.666371E-08,  1.328931E-08,  0.000000E+00,  0.000000E+00
  4.610000E+03,  1.640471E-08,  1.278747E-08,  0.000000E+00,  0.000000E+00
  4.630000E+03,  1.615082E-08,  1.225039E-08,  0.000000E+00,  0.000000E+00
  4.650000E+03,  1.586251E-08,  1.169860E-08,  0.000000E+00,  0.000000E+00
  4.670000E+03,  1.566344E-08,  1.122285E-08,  0.000000E+00,  0.000000E+00
  4.690000E+03,  1.543499E-08,  1.073504E-08,  0.000000E+00,  0.000000E+00
  4.710000E+03,  1.496931E-08,  1.009680E-08,  0.000000E+00,  0.000000E+00
  4.730000E+03,  1.494867E-08,  9.768954E-09,  0.000000E+00,  0.000000E+00
  4.750000E+03,  1.471012E-08,  9.304152E-09,  0.000000E+00,  0.000000E+00
  4.770000E+03,  1.453784E-08,  8.889890E-09,  0.000000E+00,  0.000000E+00
  4.790000E+03,  1.431419E-08,  8.452527E-09,  0.000000E+00,  0.000000E+00
  4.810000E+03,  1.405491E-08,  7.997245E-09,  0.000000E+00,  0.000000E+00
  4.830000E+03,  1.374031E-08,  7.515948E-09,  0.000000E+00,  0.000000E+00
  4.850000E+03,  1.246542E-08,  6.544347E-09,  0.000000E+00,  0.000000E+00
  4.870000E+03,  1.109080E-08,  5.578670E-09,  0.000000E+00,  0.000000E+00
  4.890000E+03,  1.307934E-08,  6.291161E-09,  0.000000E+00,  0.000000E+00
  4.910000E+03,  1.302660E-08,  5.979211E-09,  0.000000E+00,  0.000000E+00
  4.930000E+03,  1.251290E-08,  5.468138E-09,  0.000000E+00,  0.000000E+00
  4.950000E+03,  1.272144E-08,  5.279397E-09,  0.000000E+00,  0.000000E+00
  4.970000E+03,  1.254731E-08,  4.931094E-09,  0.000000E+00,  0.000000E+00
  4.990000E+03,  1.236558E-08,  4.587630E-09,  0.000000E+00,  0.000000E+00
  5.010000E+03,  1.199989E-08,  4.193962E-09,  0.000000E+00,  0.000000E+00
  5.030000E+03,  1.201370E-08,  3.946501E-09,  0.000000E+00,  0.000000E+00
  5.050000E+03,  1.175390E-08,  3.614323E-09,  0.000000E+00,  0.000000E+00
  5.070000E+03,  1.167962E-08,  3.346212E-09,  0.000000E+00,  0.000000E+00
  5.090000E+03,  1.151493E-08,  3.057213E-09,  0.000000E+00,  0.000000E+00
  5.110000E+03,  1.135267E-08,  2.775728E-09,  0.000000E+00,  0.000000E+00
  5.130000E+03,  1.118801E-08,  2.500519E-09,  0.000000E+00,  0.000000E+00
  5.150000E+03,  1.103244E-08,  2.234070E-09,  0.000000E+00,  0.000000E+00
  5.170000E+03,  1.088621E-08,  1.975846E-09,  0.000000E+00,  0.000000E+00
  5.190000E+03,  1.073620E-08,  1.723160E-09,  0.000000E+00,  0.000000E+00
  5.210000E+03,  1.058396E-08,  1.529382E-09,  0.000000E+00,  0.000000E+00
  5.230000E+03,  1.044330E-08,  1.394180E-09,  0.000000E+00,  0.000000E+00
  5.250000E+03,  1.030060E-08,  1.261823E-09,  0.000000E+00,  0.000000E+00
  5.270000E+03,  1.015987E-08,  1.132825E-09,  0.000000E+00,  0.000000E+00
  5.290000E+03,  1.002247E-08,  1.007258E-09,  0.000000E+00,  0.000000E+00
  5.310000E+03,  9.886496E-09,  8.848414E-10,  0.000000E+00,  0.000000E+00
  5.330000E+03,  9.753169E-09,  7.656238E-10,  0.000000E+00,  0.000000E+00
  5.350000E+03,  9.620239E-09,  6.493662E-10,  0.000000E+00,  0.000000E+00
  5.370000E+03,  9.494413E-09,  5.364343E-10,  0.000000E+00,  0.000000E+00
  5.390000E+03,  9.367329E-09,  4.262135E-10,  0.000000E+00,  0.000000E+00
  5.410000E+03,  9.243053E-09,  3.512360E-10,  0.000000E+00,  0.000000E+00
  5.430000E+03,  9.119151E-09,  3.100511E-10,  0.000000E+00,  0.000000E+00
  5.450000E+03,  8.998891E-09,  2.699667E-10,  0.000000E+00,  0.000000E+00
  5.470000E+03,  8.881036E-09,  2.309069E-10,  0.000000E+00,  0.000000E+00
  5.490000E+03,  8.764913E-09,  1.928281E-10,  0.000000E+00,  0.000000E+00
  5.510000E+03,  8.650728E-09,  1.557131E-10,  0.000000E+00,  0.000000E+00
  5.530000E+03,  8.537783E-09,  1.195290E-10,  0.000000E+00,  0.000000E+00
  5.550000E+03,  8.427255E-09,  8.427255E-11,  0.000000E+00,  0.000000E+00
  5.570000E+03,  8.317737E-09,  4.990642E-11,  0.000000E+00,  0.000000E+00
  5.590000E+03,  8.210950E-09,  1.642190E-11,  0.000000E+00,  0.000000E+00
  5.610000E+03,  8.104635E-09,  0.000000E+00,  0.000000E+00,  0.000000E+00
  5.630000E+03,  8.001722E-09,  0.000000E+00,  0.000000E+00,  0.000000E+00
  5.650000E+03,  7.896093E-09,  0.000000E+00,  0.000000E+00,  0.000000E+00
  5.670000E+03,  7.793060E-09,  0.000000E+00,  0.000000E+00,  0.000000E+00
  5.690000E+03,  7.691659E-09,  0.000000E+00,  0.000000E+00,  0.000000E+00
  5.710000E+03,  7.601336E-09,  0.000000E+00,  0.000000E+00,  0.000000E+00
  5.730000E+03,  7.505646E-09,  0.000000E+00,  0.000000E+00,  0.000000E+00
  5.750000E+03,  7.409810E-09,  0.000000E+00,  0.000000E+00,  0.000000E+00
  5.770000E+03,  7.319290E-09,  0.000000E+00,  0.000000E+00,  0.000000E+00
  5.790000E+03,  7.227864E-09,  0.000000E+00,  0.000000E+00,  0.000000E+00
  5.810000E+03,  7.137624E-09,  0.000000E+00,  0.000000E+00,  0.000000E+00
  5.830000E+03,  7.048658E-09,  0.000000E+00,  0.000000E+00,  0.000000E+00
  5.850000E+03,  6.961867E-09,  0.000000E+00,  0.000000E+00,  0.000000E+00
  5.870000E+03,  6.638275E-09,  0.000000E+00,  0.000000E+00,  0.000000E+00
  5.890000E+03,  6.770084E-09,  0.000000E+00,  0.000000E+00,  0.000000E+00
  5.910000E+03,  6.707596E-09,  0.000000E+00,  0.000000E+00,  0.000000E+00
  5.930000E+03,  6.625147E-09,  0.000000E+00,  0.000000E+00,  0.000000E+00
  5.950000E+03,  6.543576E-09,  0.000000E+00,  0.000000E+00,  0.000000E+00
  5.970000E+03,  6.466446E-09,  0.000000E+00,  0.000000E+00,  0.000000E+00
  5.990000E+03,  6.386964E-09,  0.000000E+00,  0.000000E+00,  0.000000E+00
  6.010000E+03,  6.310841E-09,  0.000000E+00,  0.000000E+00,  0.000000E+00
  6.030000E+03,  6.234659E-09,  0.000000E+00,  0.000000E+00,  0.000000E+00
  6.050000E+03,  6.160336E-09,  0.000000E+00,  0.000000E+00,  0.000000E+00
  6.070000E+03,  6.086840E-09,  0.000000E+00,  0.000000E+00,  0.000000E+00
  6.090000E+03,  6.014310E-09,  0.000000E+00,  0.000000E+00,  0.000000E+00
  6.110000E+03,  5.943000E-09,  0.000000E+00,  0.000000E+00,  0.000000E+00
  6.130000E+03,  5.872618E-09,  0.000000E+00,  0.000000E+00,  0.000000E+00
  6.150000E+03,  5.801501E-09,  0.000000E+00,  0.000000E+00,  0.000000E+00
  6.170000E+03,  5.734522E-09,  0.000000E+00,  0.000000E+00,  0.000000E+00
  6.190000E+03,  5.667638E-09,  0.000000E+00,  0.000000E+00,  0.000000E+00
  6.210000E+03,  5.601204E-09,  0.000000E+00,  0.000000E+00,  0.000000E+00
  6.230000E+03,  5.535863E-09,  0.000000E+00,  0.000000E+00,  0.000000E+00
  6.250000E+03,  5.471158E-09,  0.000000E+00,  0.000000E+00,  0.000000E+00
  6.270000E+03,  5.408110E-09,  0.000000E+00,  0.000000E+00,  0.000000E+00
  6.290000E+03,  5.345510E-09,  0.000000E+00,  0.000000E+00,  0.000000E+00
  6.310000E+03,  5.283766E-09,  0.000000E+00,  0.000000E+00,  0.000000E+00
  6.330000E+03,  5.223238E-09,  0.000000E+00,  0.000000E+00,  0.000000E+00
  6.350000E+03,  5.161102E-09,  0.000000E+00,  0.000000E+00,  0.000000E+00
  6.370000E+03,  5.103426E-09,  0.000000E+00,  0.000000E+00,  0.000000E+00
  6.390000E+03,  5.046115E-09,  0.000000E+00,  0.000000E+00,  0.000000E+00
  6.410000E+03,  4.988610E-09,  0.000000E+00,  0.000000E+00,  0.000000E+00
  6.430000E+03,  4.932527E-09,  0.000000E+00,  0.000000E+00,  0.000000E+00
  6.450000E+03,  4.876716E-09,  0.000000E+00,  0.000000E+00,  0.000000E+00
  6.470000E+03,  4.820276E-09,  0.000000E+00,  0.000000E+00,  0.000000E+00
  6.490000E+03,  4.766528E-09,  0.000000E+00,  0.000000E+00,  0.000000E+00
  6.510000E+03,  4.704091E-09,  0.000000E+00,  0.000000E+00,  0.000000E+00
  6.530000E+03,  4.627779E-09,  0.000000E+00,  0.000000E+00,  0.000000E+00
  6.550000E+03,  4.380105E-09,  0.000000E+00,  0.000000E+00,  0.000000E+00
  6.570000E+03,  3.869655E-09,  0.000000E+00,  0.000000E+00,  0.000000E+00
  6.590000E+03,  4.431047E-09,  0.000000E+00,  0.000000E+00,  0.000000E+00
  6.610000E+03,  4.441392E-09,  0.000000E+00,  0.000000E+00,  0.000000E+00
  6.630000E+03,  4.407213E-09,  0.000000E+00,  0.000000E+00,  0.000000E+00
  6.650000E+03,  4.363329E-09,  0.000000E+00,  0.000000E+00,  0.000000E+00
  6.670000E+03,  4.263877E-09,  0.000000E+00,  0.000000E+00,  0.000000E+00
  6.690000E+03,  4.218581E-09,  0.000000E+00,  0.000000E+00,  0.000000E+00
  6.710000E+03,  4.222261E-09,  0.000000E+00,  0.000000E+00,  0.000000E+00
  6.730000E+03,  4.175935E-09,  0.000000E+00,  0.000000E+00,  0.000000E+00
  6.750000E+03,  4.131331E-09,  0.000000E+00,  0.000000E+00,  0.000000E+00
  6.770000E+03,  4.086563E-09,  0.000000E+00,  0.000000E+00,  0.000000E+00
  6.790000E+03,  4.039918E-09,  0.000000E+00,  0.000000E+00,  0.000000E+00
  6.810000E+03,  3.998886E-09,  0.000000E+00,  0.000000E+00,  0.000000E+00
  6.830000E+03,  3.956184E-09,  0.000000E+00,  0.000000E+00,  0.000000E+00
  6.850000E+03,  3.913980E-09,  0.000000E+00,  0.000000E+00,  0.000000E+00
  6.870000E+03,  3.872392E-09,  0.000000E+00,  0.000000E+00,  0.000000E+00
  6.890000E+03,  3.831153E-09,  0.000000E+00,  0.000000E+00,  0.000000E+00
  6.910000E+03,  3.790542E-09,  0.000000E+00,  0.000000E+00,  0.000000E+00
  6.930000E+03,  3.750366E-09,  0.000000E+00,  0.000000E+00,  0.000000E+00
  6.950000E+03,  3.710973E-09,  0.000000E+00,  0.000000E+00,  0.000000E+00
  6.970000E+03,  3.671985E-09,  0.000000E+00,  0.000000E+00,  0.000000E+00
  6.990000E+03,  3.633383E-09,  0.000000E+00,  0.000000E+00,  0.000000E+00
  7.010000E+03,  3.595396E-09,  0.000000E+00,  0.000000E+00,  0.000000E+00
  7.030000E+03,  3.557893E-09,  0.000000E+00,  0.000000E+00,  0.000000E+00
  7.050000E+03,  3.520892E-09,  0.000000E+00,  0.000000E+00,  0.000000E+00
  7.070000E+03,  3.423965E-09,  0.000000E+00,  0.000000E+00,  0.000000E+00
  7.090000E+03,  3.448375E-09,  0.000000E+00,  0.000000E+00,  0.000000E+00
  7.110000E+03,  3.412812E-09,  0.000000E+00,  0.000000E+00,  0.000000E+00
  7.130000E+03,  3.377748E-09,  0.000000E+00,  0.000000E+00,  0.000000E+00
  7.150000E+03,  3.342901E-09,  0.000000E+00,  0.000000E+00,  0.000000E+00
  7.170000E+03,  3.308071E-09,  0.000000E+00,  0.000000E+00,  0.000000E+00
  7.190000E+03,  3.275055E-09,  0.000000E+00,  0.000000E+00,  0.000000E+00
  7.210000E+03,  3.241616E-09,  0.000000E+00,  0.000000E+00,  0.000000E+00
  7.230000E+03,  3.196612E-09,  0.000000E+00,  0.000000E+00,  0.000000E+00
  7.250000E+03,  3.176074E-09,  0.000000E+00,  0.000000E+00,  0.000000E+00
  7.270000E+03,  3.144081E-09,  0.000000E+00,  0.000000E+00,  0.000000E+00
  7.290000E+03,  3.085030E-09,  0.000000E+00,  0.000000E+00,  0.000000E+00
  7.310000E+03,  3.080638E-09,  0.000000E+00,  0.000000E+00,  0.000000E+00
  7.330000E+03,  3.050268E-09,  0.000000E+00,  0.000000E+00,  0.000000E+00
  7.350000E+03,  3.019723E-09,  0.000000E+00,  0.000000E+00,  0.000000E+00
  7.370000E+03,  2.989621E-09,  0.000000E+00,  0.000000E+00,  0.000000E+00
  7.390000E+03,  2.959871E-09,  0.000000E+00,  0.000000E+00,  0.000000E+00
  7.410000E+03,  2.930505E-09,  0.000000E+00,  0.000000E+00,  0.000000E+00
  7.430000E+03,  2.901333E-09,  0.000000E+00,  0.000000E+00,  0.000000E+00
  7.450000E+03,  2.873320E-09,  0.000000E+00,  0.000000E+00,  0.000000E+00
  7.470000E+03,  2.844564E-09,  0.000000E+00,  0.000000E+00,  0.000000E+00
  7.490000E+03,  2.816862E-09,  0.000000E+00,  0.000000E+00,  0.000000E+00
  7.510000E+03,  2.788113E-09,  0.000000E+00,  0.000000E+00,  0.000000E+00
  7.530000E+03,  2.762071E-09,  0.000000E+00,  0.000000E+00,  0.000000E+00
  7.550000E+03,  2.734991E-09,  0.000000E+00,  0.000000E+00,  0.000000E+00
  7.570000E+03,  2.708403E-09,  0.000000E+00,  0.000000E+00,  0.000000E+00
  7.590000E+03,  2.682271E-09,  0.000000E+00,  0.000000E+00,  0.000000E+00
  7.610000E+03,  2.656184E-09,  0.000000E+00,  0.000000E+00,  0.000000E+00
  7.630000E+03,  2.630479E-09,  0.000000E+00,  0.000000E+00,  0.000000E+00
  7.650000E+03,  2.605219E-09,  0.000000E+00,  0.000000E+00,  0.000000E+00
  7.670000E+03,  2.580199E-09,  0.000000E+00,  0.000000E+00,  0.000000E+00
  7.690000E+03,  2.555397E-09,  0.000000E+00,  0.000000E+00,  0.000000E+00
  7.710000E+03,  2.531018E-09,  0.000000E+00,  0.000000E+00,  0.000000E+00
  7.730000E+03,  2.506845E-09,  0.000000E+00,  0.000000E+00,  0.000000E+00
  7.750000E+03,  2.482878E-09,  0.000000E+00,  0.000000E+00,  0.000000E+00
  7.770000E+03,  2.458133E-09,  0.000000E+00,  0.000000E+00,  0.000000E+00
  7.790000E+03,  2.436062E-09,  0.000000E+00,  0.000000E+00,  0.000000E+00
  7.810000E+03,  2.411545E-09,  0.000000E+00,  0.000000E+00,  0.000000E+00
  7.830000E+03,  2.390286E-09,  0.000000E+00,  0.000000E+00,  0.000000E+00
  7.850000E+03,  2.370071E-09,  0.000000E+00,  0.000000E+00,  0.000000E+00
  7.870000E+03,  2.347831E-09,  0.000000E+00,  0.000000E+00,  0.000000E+00
  7.890000E+03,  2.323990E-09,  0.000000E+00,  0.000000E+00,  0.000000E+00
  7.910000E+03,  2.304354E-09,  0.000000E+00,  0.000000E+00,  0.000000E+00
  7.930000E+03,  2.282968E-09,  0.000000E+00,  0.000000E+00,  0.000000E+00
  7.950000E+03,  2.259751E-09,  0.000000E+00,  0.000000E+00,  0.000000E+00
  7.970000E+03,  2.234812E-09,  0.000000E+00,  0.000000E+00,  0.000000E+00
  7.990000E+03,  2.214383E-09,  0.000000E+00,  0.000000E+00,  0.000000E+00
  8.010000E+03,  2.193650E-09,  0.000000E+00,  0.000000E+00,  0.000000E+00
  8.030000E+03,  2.173167E-09,  0.000000E+00,  0.000000E+00,  0.000000E+00
  8.050000E+03,  2.153267E-09,  0.000000E+00,  0.000000E+00,  0.000000E+00
  8.070000E+03,  2.133980E-09,  0.000000E+00,  0.000000E+00,  0.000000E+00
  8.090000E+03,  2.111941E-09,  0.000000E+00,  0.000000E+00,  0.000000E+00
  8.110000E+03,  2.095172E-09,  0.000000E+00,  0.000000E+00,  0.000000E+00
  8.130000E+03,  2.077706E-09,  0.000000E+00,  0.000000E+00,  0.000000E+00
  8.150000E+03,  2.056840E-09,  0.000000E+00,  0.000000E+00,  0.000000E+00
  8.170000E+03,  2.041074E-09,  0.000000E+00,  0.000000E+00,  0.000000E+00
  8.190000E+03,  2.019855E-09,  0.000000E+00,  0.000000E+00,  0.000000E+00
  8.210000E+03,  1.996588E-09,  0.000000E+00,  0.000000E+00,  0.000000E+00
  8.230000E+03,  1.984060E-09,  0.000000E+00,  0.000000E+00,  0.000000E+00
  8.250000E+03,  1.967035E-09,  0.000000E+00,  0.000000E+00,  0.000000E+00
  8.270000E+03,  1.939455E-09,  0.000000E+00,  0.000000E+00,  0.000000E+00
  8.290000E+03,  1.930802E-09,  0.000000E+00,  0.000000E+00,  0.000000E+00
  8.310000E+03,  1.914560E-09,  0.000000E+00,  0.000000E+00,  0.000000E+00
  8.330000E+03,  1.896453E-09,  0.000000E+00,  0.000000E+00,  0.000000E+00
  8.350000E+03,  1.869898E-09,  0.000000E+00,  0.000000E+00,  0.000000E+00
  8.370000E+03,  1.859933E-09,  0.000000E+00,  0.000000E+00,  0.000000E+00
  8.390000E+03,  1.846573E-09,  0.000000E+00,  0.000000E+00,  0.000000E+00
  8.410000E+03,  1.830198E-09,  0.000000E+00,  0.000000E+00,  0.000000E+00
  8.430000E+03,  1.812576E-09,  0.000000E+00,  0.000000E+00,  0.000000E+00
  8.450000E+03,  1.783363E-09,  0.000000E+00,  0.000000E+00,  0.000000E+00
  8.470000E+03,  1.780099E-09,  0.000000E+00,  0.000000E+00,  0.000000E+00
  8.490000E+03,  1.760137E-09,  0.000000E+00,  0.000000E+00,  0.000000E+00
  8.510000E+03,  1.745462E-09,  0.000000E+00,  0.000000E+00,  0.000000E+00
  8.530000E+03,  1.729331E-09,  0.000000E+00,  0.000000E+00,  0.000000E+00
  8.550000E+03,  1.701948E-09,  0.000000E+00,  0.000000E+00,  0.000000E+00
  8.570000E+03,  1.714781E-09,  0.000000E+00,  0.000000E+00,  0.000000E+00
  8.590000E+03,  1.652407E-09,  0.000000E+00,  0.000000E+00,  0.000000E+00
  8.610000E+03,  1.651838E-09,  0.000000E+00,  0.000000E+00,  0.000000E+00
  8.630000E+03,  1.683100E-09,  0.000000E+00,  0.000000E+00,  0.000000E+00
  8.650000E+03,  1.633501E-09,  0.000000E+00,  0.000000E+00,  0.000000E+00
  8.670000E+03,  1.554315E-09,  0.000000E+00,  0.000000E+00,  0.000000E+00
  8.690000E+03,  1.639429E-09,  0.000000E+00,  0.000000E+00,  0.000000E+00
  8.710000E+03,  1.648377E-09,  0.000000E+00,  0.000000E+00,  0.000000E+00
  8.730000E+03,  1.592624E-09,  0.000000E+00,  0.000000E+00,  0.000000E+00
  8.750000E+03,  1.458415E-09,  0.000000E+00,  0.000000E+00,  0.000000E+00
  8.770000E+03,  1.543007E-09,  0.000000E+00,  0.000000E+00,  0.000000E+00
  8.790000E+03,  1.601267E-09,  0.000000E+00,  0.000000E+00,  0.000000E+00
  8.810000E+03,  1.597223E-09,  0.000000E+00,  0.000000E+00,  0.000000E+00
  8.830000E+03,  1.571968E-09,  0.000000E+00,  0.000000E+00,  0.000000E+00
  8.850000E+03,  1.462939E-09,  0.000000E+00,  0.000000E+00,  0.000000E+00
  8.870000E+03,  1.365207E-09,  0.000000E+00,  0.000000E+00,  0.000000E+00
  8.890000E+03,  1.509651E-09,  0.000000E+00,  0.000000E+00,  0.000000E+00
  8.910000E+03,  1.532584E-09,  0.000000E+00,  0.000000E+00,  0.000000E+00
  8.930000E+03,  1.525505E-09,  0.000000E+00,  0.000000E+00,  0.000000E+00
  8.950000E+03,  1.517709E-09,  0.000000E+00,  0.000000E+00,  0.000000E+00
  8.970000E+03,  1.498803E-09,  0.000000E+00,  0.000000E+00,  0.000000E+00
  8.990000E+03,  1.444768E-09,  0.000000E+00,  0.000000E+00,  0.000000E+00
  9.010000E+03,  1.284160E-09,  0.000000E+00,  0.000000E+00,  0.000000E+00
  9.030000E+03,  1.342489E-09,  0.000000E+00,  0.000000E+00,  0.000000E+00
  9.050000E+03,  1.432229E-09,  0.000000E+00,  0.000000E+00,  0.000000E+00
  9.070000E+03,  1.424919E-09,  0.000000E+00,  0.000000E+00,  0.000000E+00
  9.090000E+03,  1.428589E-09,  0.000000E+00,  0.000000E+00,  0.000000E+00
  9.110000E+03,  1.424144E-09,  0.000000E+00,  0.000000E+00,  0.000000E+00
  9.130000E+03,  1.413650E-09,  0.000000E+00,  0.000000E+00,  0.000000E+00
  9.150000E+03,  1.400941E-09,  0.000000E+00,  0.000000E+00,  0.000000E+00
  9.170000E+03,  1.382304E-09,  0.000000E+00,  0.000000E+00,  0.000000E+00
  9.190000E+03,  1.363649E-09,  0.000000E+00,  0.000000E+00,  0.000000E+00
  9.210000E+03,  1.289690E-09,  0.000000E+00,  0.000000E+00,  0.000000E+00
  9.230000E+03,  1.140963E-09,  0.000000E+00,  0.000000E+00,  0.000000E+00
  9.250000E+03,  1.268125E-09,  0.000000E+00,  0.000000E+00,  0.000000E+00
  9.270000E+03,  1.316219E-09,  0.000000E+00,  0.000000E+00,  0.000000E+00
  9.290000E+03,  1.319173E-09,  0.000000E+00,  0.000000E+00,  0.000000E+00
  9.310000E+03,  1.305366E-09,  0.000000E+00,  0.000000E+00,  0.000000E+00
  9.330000E+03,  1.304479E-09,  0.000000E+00,  0.000000E+00,  0.000000E+00
  9.350000E+03,  1.293438E-09,  0.000000E+00,  0.000000E+00,  0.000000E+00
  9.370000E+03,  1.284577E-09,  0.000000E+00,  0.000000E+00,  0.000000E+00
  9.390000E+03,  1.274236E-09,  0.000000E+00,  0.000000E+00,  0.000000E+00
  9.410000E+03,  1.263577E-09,  0.000000E+00,  0.000000E+00,  0.000000E+00
  9.430000E+03,  1.253871E-09,  0.000000E+00,  0.000000E+00,  0.000000E+00
  9.450000E+03,  1.242751E-09,  0.000000E+00,  0.000000E+00,  0.000000E+00
  9.470000E+03,  1.221003E-09,  0.000000E+00,  0.000000E+00,  0.000000E+00
  9.490000E+03,  1.216752E-09,  0.000000E+00,  0.000000E+00,  0.000000E+00
  9.510000E+03,  1.185065E-09,  0.000000E+00,  0.000000E+00,  0.000000E+00
  9.530000E+03,  1.120329E-09,  0.000000E+00,  0.000000E+00,  0.000000E+00
  9.550000E+03,  1.000887E-09,  0.000000E+00,  0.000000E+00,  0.000000E+00
  9.570000E+03,  1.129142E-09,  0.000000E+00,  0.000000E+00,  0.000000E+00
  9.590000E+03,  1.160756E-09,  0.000000E+00,  0.000000E+00,  0.000000E+00
  9.610000E+03,  1.157450E-09,  0.000000E+00,  0.000000E+00,  0.000000E+00
  9.630000E+03,  1.147838E-09,  0.000000E+00,  0.000000E+00,  0.000000E+00
  9.650000E+03,  1.148903E-09,  0.000000E+00,  0.000000E+00,  0.000000E+00
  9.670000E+03,  1.139949E-09,  0.000000E+00,  0.000000E+00,  0.000000E+00
  9.690000E+03,  1.129728E-09,  0.000000E+00,  0.000000E+00,  0.000000E+00
  9.710000E+03,  1.118250E-09,  0.000000E+00,  0.000000E+00,  0.000000E+00
  9.730000E+03,  1.113535E-09,  0.000000E+00,  0.000000E+00,  0.000000E+00
  9.750000E+03,  1.104895E-09,  0.000000E+00,  0.000000E+00,  0.000000E+00
  9.770000E+03,  1.096340E-09,  0.000000E+00,  0.000000E+00,  0.000000E+00
  9.790000E+03,  1.087860E-09,  0.000000E+00,  0.000000E+00,  0.000000E+00
  9.810000E+03,  1.079441E-09,  0.000000E+00,  0.000000E+00,  0.000000E+00
  9.830000E+03,  1.071159E-09,  0.000000E+00,  0.000000E+00,  0.000000E+00
  9.850000E+03,  1.062918E-09,  0.000000E+00,  0.000000E+00,  0.000000E+00
  9.870000E+03,  1.054764E-09,  0.000000E+00,  0.000000E+00,  0.000000E+00
  9.890000E+03,  1.046662E-09,  0.000000E+00,  0.000000E+00,  0.000000E+00
  9.910000E+03,  1.037381E-09,  0.000000E+00,  0.000000E+00,  0.000000E+00
  9.930000E+03,  1.030760E-09,  0.000000E+00,  0.000000E+00,  0.000000E+00
  9.950000E+03,  1.022801E-09,  0.000000E+00,  0.000000E+00,  0.000000E+00
  9.970000E+03,  1.012349E-09,  0.000000E+00,  0.000000E+00,  0.000000E+00
  9.990000E+03,  1.002049E-09,  0.000000E+00,  0.000000E+00,  0.000000E+00
  1.002500E+04,  9.403950E-10,  0.000000E+00,  0.000000E+00,  0.000000E+00
  1.007500E+04,  9.086062E-10,  0.000000E+00,  0.000000E+00,  0.000000E+00
  1.012500E+04,  9.510417E-10,  0.000000E+00,  0.000000E+00,  0.000000E+00
  1.017500E+04,  9.395827E-10,  0.000000E+00,  0.000000E+00,  0.000000E+00
  1.022500E+04,  9.217504E-10,  0.000000E+00,  0.000000E+00,  0.000000E+00
  1.027500E+04,  9.053135E-10,  0.000000E+00,  0.000000E+00,  0.000000E+00
  1.032500E+04,  8.847098E-10,  0.000000E+00,  0.000000E+00,  0.000000E+00
  1.037500E+04,  8.725728E-10,  0.000000E+00,  0.000000E+00,  0.000000E+00
  1.042500E+04,  8.567550E-10,  0.000000E+00,  0.000000E+00,  0.000000E+00
  1.047500E+04,  8.412936E-10,  0.000000E+00,  0.000000E+00,  0.000000E+00
  1.052500E+04,  8.261813E-10,  0.000000E+00,  0.000000E+00,  0.000000E+00
  1.057500E+04,  8.114168E-10,  0.000000E+00,  0.000000E+00,  0.000000E+00
  1.062500E+04,  7.969730E-10,  0.000000E+00,  0.000000E+00,  0.000000E+00
  1.067500E+04,  7.809587E-10,  0.000000E+00,  0.000000E+00,  0.000000E+00
  1.072500E+04,  7.690353E-10,  0.000000E+00,  0.000000E+00,  0.000000E+00
  1.077500E+04,  7.555280E-10,  0.000000E+00,  0.000000E+00,  0.000000E+00
  1.082500E+04,  7.332091E-10,  0.000000E+00,  0.000000E+00,  0.000000E+00
  1.087500E+04,  7.247056E-10,  0.000000E+00,  0.000000E+00,  0.000000E+00
  1.092500E+04,  6.507529E-10,  0.000000E+00,  0.000000E+00,  0.000000E+00
  1.097500E+04,  6.818982E-10,  0.000000E+00,  0.000000E+00,  0.000000E+00
  1.102500E+04,  6.854086E-10,  0.000000E+00,  0.000000E+00,  0.000000E+00
  1.107500E+04,  6.793450E-10,  0.000000E+00,  0.000000E+00,  0.000000E+00
  1.112500E+04,  6.688458E-10,  0.000000E+00,  0.000000E+00,  0.000000E+00
  1.117500E+04,  6.575083E-10,  0.000000E+00,  0.000000E+00,  0.000000E+00
  1.122500E+04,  6.459864E-10,  0.000000E+00,  0.000000E+00,  0.000000E+00
  1.127500E+04,  6.354717E-10,  0.000000E+00,  0.000000E+00,  0.000000E+00
  1.132500E+04,  6.248613E-10,  0.000000E+00,  0.000000E+00,  0.000000E+00
  1.137500E+04,  6.144652E-10,  0.000000E+00,  0.000000E+00,  0.000000E+00
  1.142500E+04,  6.042394E-10,  0.000000E+00,  0.000000E+00,  0.000000E+00
  1.147500E+04,  5.942619E-10,  0.000000E+00,  0.000000E+00,  0.000000E+00
  1.152500E+04,  5.844770E-10,  0.000000E+00,  0.000000E+00,  0.000000E+00
  1.157500E+04,  5.748705E-10,  0.000000E+00,  0.000000E+00,  0.000000E+00
  1.162500E+04,  5.654912E-10,  0.000000E+00,  0.000000E+00,  0.000000E+00
  1.167500E+04,  5.562938E-10,  0.000000E+00,  0.000000E+00,  0.000000E+00
  1.172500E+04,  5.472850E-10,  0.000000E+00,  0.000000E+00,  0.000000E+00
  1.177500E+04,  5.384366E-10,  0.000000E+00,  0.000000E+00,  0.000000E+00
  1.182500E+04,  5.297980E-10,  0.000000E+00,  0.000000E+00,  0.000000E+00
  1.187500E+04,  5.213167E-10,  0.000000E+00,  0.000000E+00,  0.000000E+00
  1.192500E+04,  5.129977E-10,  0.000000E+00,  0.000000E+00,  0.000000E+00
  1.197500E+04,  4.984721E-10,  0.000000E+00,  0.000000E+00,  0.000000E+00
  1.202500E+04,  4.968654E-10,  0.000000E+00,  0.000000E+00,  0.000000E+00
  1.207500E+04,  4.890439E-10,  0.000000E+00,  0.000000E+00,  0.000000E+00
  1.212500E+04,  4.813666E-10,  0.000000E+00,  0.000000E+00,  0.000000E+00
  1.217500E+04,  4.738409E-10,  0.000000E+00,  0.000000E+00,  0.000000E+00
  1.222500E+04,  4.664678E-10,  0.000000E+00,  0.000000E+00,  0.000000E+00
  1.227500E+04,  4.592307E-10,  0.000000E+00,  0.000000E+00,  0.000000E+00
  1.232500E+04,  4.521383E-10,  0.000000E+00,  0.000000E+00,  0.000000E+00
  1.237500E+04,  4.451815E-10,  0.000000E+00,  0.000000E+00,  0.000000E+00
  1.242500E+04,  4.383553E-10,  0.000000E+00,  0.000000E+00,  0.000000E+00
  1.247500E+04,  4.316464E-10,  0.000000E+00,  0.000000E+00,  0.000000E+00
  1.252500E+04,  4.240463E-10,  0.000000E+00,  0.000000E+00,  0.000000E+00
  1.257500E+04,  4.186432E-10,  0.000000E+00,  0.000000E+00,  0.000000E+00
  1.262500E+04,  4.123282E-10,  0.000000E+00,  0.000000E+00,  0.000000E+00
  1.267500E+04,  4.061197E-10,  0.000000E+00,  0.000000E+00,  0.000000E+00
  1.272500E+04,  3.992014E-10,  0.000000E+00,  0.000000E+00,  0.000000E+00
  1.277500E+04,  3.848594E-10,  0.000000E+00,  0.000000E+00,  0.000000E+00
  1.282500E+04,  3.528252E-10,  0.000000E+00,  0.000000E+00,  0.000000E+00
  1.287500E+04,  3.781528E-10,  0.000000E+00,  0.000000E+00,  0.000000E+00
  1.292500E+04,  3.762163E-10,  0.000000E+00,  0.000000E+00,  0.000000E+00
  1.297500E+04,  3.679238E-10,  0.000000E+00,  0.000000E+00,  0.000000E+00
  1.302500E+04,  3.658374E-10,  0.000000E+00,  0.000000E+00,  0.000000E+00
  1.307500E+04,  3.604995E-10,  0.000000E+00,  0.000000E+00,  0.000000E+00
  1.312500E+04,  3.552607E-10,  0.000000E+00,  0.000000E+00,  0.000000E+00
  1.317500E+04,  3.501075E-10,  0.000000E+00,  0.000000E+00,  0.000000E+00
  1.322500E+04,  3.450555E-10,  0.000000E+00,  0.000000E+00,  0.000000E+00
  1.327500E+04,  3.400899E-10,  0.000000E+00,  0.000000E+00,  0.000000E+00
  1.332500E+04,  3.352140E-10,  0.000000E+00,  0.000000E+00,  0.000000E+00
  1.337500E+04,  3.304282E-10,  0.000000E+00,  0.000000E+00,  0.000000E+00
  1.342500E+04,  3.254124E-10,  0.000000E+00,  0.000000E+00,  0.000000E+00
  1.347500E+04,  3.211044E-10,  0.000000E+00,  0.000000E+00,  0.000000E+00
  1.352500E+04,  3.165675E-10,  0.000000E+00,  0.000000E+00,  0.000000E+00
  1.357500E+04,  3.121080E-10,  0.000000E+00,  0.000000E+00,  0.000000E+00
  1.362500E+04,  3.077275E-10,  0.000000E+00,  0.000000E+00,  0.000000E+00
  1.367500E+04,  3.034251E-10,  0.000000E+00,  0.000000E+00,  0.000000E+00
  1.372500E+04,  2.991954E-10,  0.000000E+00,  0.000000E+00,  0.000000E+00
  1.377500E+04,  2.950428E-10,  0.000000E+00,  0.000000E+00,  0.000000E+00
  1.382500E+04,  2.909574E-10,  0.000000E+00,  0.000000E+00,  0.000000E+00
  1.387500E+04,  2.869445E-10,  0.000000E+00,  0.000000E+00,  0.000000E+00
  1.392500E+04,  2.829928E-10,  0.000000E+00,  0.000000E+00,  0.000000E+00
  1.397500E+04,  2.791201E-10,  0.000000E+00,  0.000000E+00,  0.000000E+00
  1.402500E+04,  2.753136E-10,  0.000000E+00,  0.000000E+00,  0.000000E+00
  1.407500E+04,  2.715661E-10,  0.000000E+00,  0.000000E+00,  0.000000E+00
  1.412500E+04,  2.678884E-10,  0.000000E+00,  0.000000E+00,  0.000000E+00
  1.417500E+04,  2.642664E-10,  0.000000E+00,  0.000000E+00,  0.000000E+00
  1.422500E+04,  2.607114E-10,  0.000000E+00,  0.000000E+00,  0.000000E+00
  1.427500E+04,  2.572106E-10,  0.000000E+00,  0.000000E+00,  0.000000E+00
  1.432500E+04,  2.537689E-10,  0.000000E+00,  0.000000E+00,  0.000000E+00
  1.437500E+04,  2.503851E-10,  0.000000E+00,  0.000000E+00,  0.000000E+00
  1.442500E+04,  2.470582E-10,  0.000000E+00,  0.000000E+00,  0.000000E+00
  1.447500E+04,  2.437882E-10,  0.000000E+00,  0.000000E+00,  0.000000E+00
  1.452500E+04,  2.405703E-10,  0.000000E+00,  0.000000E+00,  0.000000E+00
  1.457000E+04,  2.377223E-10,  0.000000E+00,  0.000000E+00,  0.000000E+00
  1.462000E+04,  2.345493E-10,  0.000000E+00,  0.000000E+00,  0.000000E+00
  1.467500E+04,  2.312040E-10,  0.000000E+00,  0.000000E+00,  0.000000E+00
  1.472500E+04,  2.282153E-10,  0.000000E+00,  0.000000E+00,  0.000000E+00
  1.477500E+04,  2.252709E-10,  0.000000E+00,  0.000000E+00,  0.000000E+00
  1.482500E+04,  2.223795E-10,  0.000000E+00,  0.000000E+00,  0.000000E+00
  1.487500E+04,  2.195291E-10,  0.000000E+00,  0.000000E+00,  0.000000E+00
  1.492500E+04,  2.167274E-10,  0.000000E+00,  0.000000E+00,  0.000000E+00
  1.497500E+04,  2.139657E-10,  0.000000E+00,  0.000000E+00,  0.000000E+00
  1.502500E+04,  2.112465E-10,  0.000000E+00,  0.000000E+00,  0.000000E+00
  1.507500E+04,  2.080746E-10,  0.000000E+00,  0.000000E+00,  0.000000E+00
  1.512500E+04,  2.059247E-10,  0.000000E+00,  0.000000E+00,  0.000000E+00
  1.517500E+04,  2.033177E-10,  0.000000E+00,  0.000000E+00,  0.000000E+00
  1.522500E+04,  2.007569E-10,  0.000000E+00,  0.000000E+00,  0.000000E+00
  1.527500E+04,  1.981964E-10,  0.000000E+00,  0.000000E+00,  0.000000E+00
  1.532500E+04,  1.956790E-10,  0.000000E+00,  0.000000E+00,  0.000000E+00
  1.537500E+04,  1.932862E-10,  0.000000E+00,  0.000000E+00,  0.000000E+00
  1.542500E+04,  1.906584E-10,  0.000000E+00,  0.000000E+00,  0.000000E+00
  1.547500E+04,  1.884667E-10,  0.000000E+00,  0.000000E+00,  0.000000E+00
  1.552500E+04,  1.860405E-10,  0.000000E+00,  0.000000E+00,  0.000000E+00
  1.557500E+04,  1.832879E-10,  0.000000E+00,  0.000000E+00,  0.000000E+00
  1.562500E+04,  1.818709E-10,  0.000000E+00,  0.000000E+00,  0.000000E+00
  1.567500E+04,  1.788157E-10,  0.000000E+00,  0.000000E+00,  0.000000E+00
  1.572500E+04,  1.761632E-10,  0.000000E+00,  0.000000E+00,  0.000000E+00
  1.577500E+04,  1.754800E-10,  0.000000E+00,  0.000000E+00,  0.000000E+00
  1.582500E+04,  1.731463E-10,  0.000000E+00,  0.000000E+00,  0.000000E+00
  1.587500E+04,  1.682390E-10,  0.000000E+00,  0.000000E+00,  0.000000E+00
  1.592500E+04,  1.683002E-10,  0.000000E+00,  0.000000E+00,  0.000000E+00
  1.597500E+04,  1.675227E-10,  0.000000E+00,  0.000000E+00,  0.000000E+00
  1.605000E+04,  1.635878E-10,  0.000000E+00,  0.000000E+00,  0.000000E+00
  1.615000E+04,  1.578589E-10,  0.000000E+00,  0.000000E+00,  0.000000E+00
  1.625000E+04,  1.573132E-10,  0.000000E+00,  0.000000E+00,  0.000000E+00
  1.635000E+04,  1.518747E-10,  0.000000E+00,  0.000000E+00,  0.000000E+00
  1.645000E+04,  1.459806E-10,  0.000000E+00,  0.000000E+00,  0.000000E+00
  1.655000E+04,  1.468974E-10,  0.000000E+00,  0.000000E+00,  0.000000E+00
  1.665000E+04,  1.436238E-10,  0.000000E+00,  0.000000E+00,  0.000000E+00
  1.675000E+04,  1.379694E-10,  0.000000E+00,  0.000000E+00,  0.000000E+00
  1.685000E+04,  1.322489E-10,  0.000000E+00,  0.000000E+00,  0.000000E+00
  1.695000E+04,  1.338434E-10,  0.000000E+00,  0.000000E+00,  0.000000E+00
  1.705000E+04,  1.301943E-10,  0.000000E+00,  0.000000E+00,  0.000000E+00
  1.715000E+04,  1.281585E-10,  0.000000E+00,  0.000000E+00,  0.000000E+00
  1.725000E+04,  1.249095E-10,  0.000000E+00,  0.000000E+00,  0.000000E+00
  1.735000E+04,  1.164093E-10,  0.000000E+00,  0.000000E+00,  0.000000E+00
  1.745000E+04,  1.187833E-10,  0.000000E+00,  0.000000E+00,  0.000000E+00
  1.755000E+04,  1.171806E-10,  0.000000E+00,  0.000000E+00,  0.000000E+00
  1.765000E+04,  1.146240E-10,  0.000000E+00,  0.000000E+00,  0.000000E+00
  1.775000E+04,  1.121333E-10,  0.000000E+00,  0.000000E+00,  0.000000E+00
  1.785000E+04,  1.097039E-10,  0.000000E+00,  0.000000E+00,  0.000000E+00
  1.795000E+04,  1.073541E-10,  0.000000E+00,  0.000000E+00,  0.000000E+00
  1.805000E+04,  1.048320E-10,  0.000000E+00,  0.000000E+00,  0.000000E+00
  1.815000E+04,  9.777104E-11,  0.000000E+00,  0.000000E+00,  0.000000E+00
  1.825000E+04,  9.929408E-11,  0.000000E+00,  0.000000E+00,  0.000000E+00
  1.835000E+04,  9.849478E-11,  0.000000E+00,  0.000000E+00,  0.000000E+00
  1.845000E+04,  9.647105E-11,  0.000000E+00,  0.000000E+00,  0.000000E+00
  1.855000E+04,  9.441515E-11,  0.000000E+00,  0.000000E+00,  0.000000E+00
  1.865000E+04,  9.151628E-11,  0.000000E+00,  0.000000E+00,  0.000000E+00
  1.875000E+04,  8.592317E-11,  0.000000E+00,  0.000000E+00,  0.000000E+00
  1.885000E+04,  8.846848E-11,  0.000000E+00,  0.000000E+00,  0.000000E+00
  1.895000E+04,  8.692568E-11,  0.000000E+00,  0.000000E+00,  0.000000E+00
  1.905000E+04,  8.476152E-11,  0.000000E+00,  0.000000E+00,  0.000000E+00
  1.915000E+04,  8.342754E-11,  0.000000E+00,  0.000000E+00,  0.000000E+00
  1.925000E+04,  8.177311E-11,  0.000000E+00,  0.000000E+00,  0.000000E+00
  1.935000E+04,  7.971665E-11,  0.000000E+00,  0.000000E+00,  0.000000E+00
  1.945000E+04,  7.400434E-11,  0.000000E+00,  0.000000E+00,  0.000000E+00
  1.955000E+04,  7.645717E-11,  0.000000E+00,  0.000000E+00,  0.000000E+00
  1.965000E+04,  7.547429E-11,  0.000000E+00,  0.000000E+00,  0.000000E+00
  1.975000E+04,  7.399677E-11,  0.000000E+00,  0.000000E+00,  0.000000E+00
  1.985000E+04,  7.255347E-11,  0.000000E+00,  0.000000E+00,  0.000000E+00
  1.995000E+04,  7.114531E-11,  0.000000E+00,  0.000000E+00,  0.000000E+00
  2.005000E+04,  6.977143E-11,  0.000000E+00,  0.000000E+00,  0.000000E+00
  2.015000E+04,  6.842992E-11,  0.000000E+00,  0.000000E+00,  0.000000E+00
  2.025000E+04,  6.712235E-11,  0.000000E+00,  0.000000E+00,  0.000000E+00
  2.035000E+04,  6.584368E-11,  0.000000E+00,  0.000000E+00,  0.000000E+00
  2.045000E+04,  6.457104E-11,  0.000000E+00,  0.000000E+00,  0.000000E+00
  2.055000E+04,  6.323876E-11,  0.000000E+00,  0.000000E+00,  0.000000E+00
  2.065000E+04,  6.218790E-11,  0.000000E+00,  0.000000E+00,  0.000000E+00
  2.075000E+04,  6.102625E-11,  0.000000E+00,  0.000000E+00,  0.000000E+00
  2.085000E+04,  5.989215E-11,  0.000000E+00,  0.000000E+00,  0.000000E+00
  2.095000E+04,  5.878296E-11,  0.000000E+00,  0.000000E+00,  0.000000E+00
  2.105000E+04,  5.769858E-11,  0.000000E+00,  0.000000E+00,  0.000000E+00
  2.115000E+04,  5.640766E-11,  0.000000E+00,  0.000000E+00,  0.000000E+00
  2.125000E+04,  5.560707E-11,  0.000000E+00,  0.000000E+00,  0.000000E+00
  2.135000E+04,  5.459612E-11,  0.000000E+00,  0.000000E+00,  0.000000E+00
  2.145000E+04,  5.358604E-11,  0.000000E+00,  0.000000E+00,  0.000000E+00
  2.155000E+04,  5.239093E-11,  0.000000E+00,  0.000000E+00,  0.000000E+00
  2.165000E+04,  4.866400E-11,  0.000000E+00,  0.000000E+00,  0.000000E+00
  2.175000E+04,  5.035622E-11,  0.000000E+00,  0.000000E+00,  0.000000E+00
  2.185000E+04,  4.982128E-11,  0.000000E+00,  0.000000E+00,  0.000000E+00
  2.195000E+04,  4.898928E-11,  0.000000E+00,  0.000000E+00,  0.000000E+00
  2.205000E+04,  4.812623E-11,  0.000000E+00,  0.000000E+00,  0.000000E+00
  2.215000E+04,  4.728263E-11,  0.000000E+00,  0.000000E+00,  0.000000E+00
  2.225000E+04,  4.644986E-11,  0.000000E+00,  0.000000E+00,  0.000000E+00
  2.235000E+04,  4.564815E-11,  0.000000E+00,  0.000000E+00,  0.000000E+00
  2.245000E+04,  4.485665E-11,  0.000000E+00,  0.000000E+00,  0.000000E+00
  2.255000E+04,  4.408414E-11,  0.000000E+00,  0.000000E+00,  0.000000E+00
  2.265000E+04,  4.332778E-11,  0.000000E+00,  0.000000E+00,  0.000000E+00
  2.275000E+04,  4.258757E-11,  0.000000E+00,  0.000000E+00,  0.000000E+00
  2.285000E+04,  4.185847E-11,  0.000000E+00,  0.000000E+00,  0.000000E+00
  2.295000E+04,  4.115130E-11,  0.000000E+00,  0.000000E+00,  0.000000E+00
  2.305000E+04,  4.044868E-11,  0.000000E+00,  0.000000E+00,  0.000000E+00
  2.315000E+04,  3.977948E-11,  0.000000E+00,  0.000000E+00,  0.000000E+00
  2.325000E+04,  3.911622E-11,  0.000000E+00,  0.000000E+00,  0.000000E+00
  2.335000E+04,  3.846514E-11,  0.000000E+00,  0.000000E+00,  0.000000E+00
  2.345000E+04,  3.782856E-11,  0.000000E+00,  0.000000E+00,  0.000000E+00
  2.355000E+04,  3.720459E-11,  0.000000E+00,  0.000000E+00,  0.000000E+00
  2.365000E+04,  3.659262E-11,  0.000000E+00,  0.000000E+00,  0.000000E+00
  2.375000E+04,  3.599401E-11,  0.000000E+00,  0.000000E+00,  0.000000E+00
  2.385000E+04,  3.540700E-11,  0.000000E+00,  0.000000E+00,  0.000000E+00
  2.395000E+04,  3.483157E-11,  0.000000E+00,  0.000000E+00,  0.000000E+00
  2.405000E+04,  3.426725E-11,  0.000000E+00,  0.000000E+00,  0.000000E+00
  2.415000E+04,  3.371518E-11,  0.000000E+00,  0.000000E+00,  0.000000E+00
  2.425000E+04,  3.317361E-11,  0.000000E+00,  0.000000E+00,  0.000000E+00
  2.435000E+04,  3.264095E-11,  0.000000E+00,  0.000000E+00,  0.000000E+00
  2.445000E+04,  3.211657E-11,  0.000000E+00,  0.000000E+00,  0.000000E+00
  2.455000E+04,  3.161223E-11,  0.000000E+00,  0.000000E+00,  0.000000E+00
  2.465000E+04,  3.110270E-11,  0.000000E+00,  0.000000E+00,  0.000000E+00
  2.475000E+04,  3.055687E-11,  0.000000E+00,  0.000000E+00,  0.000000E+00
  2.485000E+04,  3.014556E-11,  0.000000E+00,  0.000000E+00,  0.000000E+00
  2.495000E+04,  2.962790E-11,  0.000000E+00,  0.000000E+00,  0.000000E+00
  2.505000E+04,  2.921405E-11,  0.000000E+00,  0.000000E+00,  0.000000E+00
  2.515000E+04,  2.876189E-11,  0.000000E+00,  0.000000E+00,  0.000000E+00
  2.525000E+04,  2.822788E-11,  0.000000E+00,  0.000000E+00,  0.000000E+00
  2.535000E+04,  2.787093E-11,  0.000000E+00,  0.000000E+00,  0.000000E+00
  2.545000E+04,  2.747517E-11,  0.000000E+00,  0.000000E+00,  0.000000E+00
  2.555000E+04,  2.701401E-11,  0.000000E+00,  0.000000E+00,  0.000000E+00
  2.565000E+04,  2.646013E-11,  0.000000E+00,  0.000000E+00,  0.000000E+00
  2.575000E+04,  2.621268E-11,  0.000000E+00,  0.000000E+00,  0.000000E+00
  2.585000E+04,  2.585369E-11,  0.000000E+00,  0.000000E+00,  0.000000E+00
  2.595000E+04,  2.545475E-11,  0.000000E+00,  0.000000E+00,  0.000000E+00
  2.605000E+04,  2.495249E-11,  0.000000E+00,  0.000000E+00,  0.000000E+00
  2.615000E+04,  2.424636E-11,  0.000000E+00,  0.000000E+00,  0.000000E+00
  2.625000E+04,  2.292953E-11,  0.000000E+00,  0.000000E+00,  0.000000E+00
  2.635000E+04,  2.379620E-11,  0.000000E+00,  0.000000E+00,  0.000000E+00
  2.645000E+04,  2.361940E-11,  0.000000E+00,  0.000000E+00,  0.000000E+00
  2.655000E+04,  2.325884E-11,  0.000000E+00,  0.000000E+00,  0.000000E+00
  2.665000E+04,  2.285003E-11,  0.000000E+00,  0.000000E+00,  0.000000E+00
  2.675000E+04,  2.212199E-11,  0.000000E+00,  0.000000E+00,  0.000000E+00
  2.685000E+04,  2.217489E-11,  0.000000E+00,  0.000000E+00,  0.000000E+00
  2.695000E+04,  2.198889E-11,  0.000000E+00,  0.000000E+00,  0.000000E+00
  2.705000E+04,  2.168949E-11,  0.000000E+00,  0.000000E+00,  0.000000E+00
  2.715000E+04,  2.137741E-11,  0.000000E+00,  0.000000E+00,  0.000000E+00
  2.725000E+04,  2.106994E-11,  0.000000E+00,  0.000000E+00,  0.000000E+00
  2.735000E+04,  2.076766E-11,  0.000000E+00,  0.000000E+00,  0.000000E+00
  2.745000E+04,  2.038590E-11,  0.000000E+00,  0.000000E+00,  0.000000E+00
  2.755000E+04,  1.958713E-11,  0.000000E+00,  0.000000E+00,  0.000000E+00
  2.765000E+04,  1.959492E-11,  0.000000E+00,  0.000000E+00,  0.000000E+00
  2.775000E+04,  1.957494E-11,  0.000000E+00,  0.000000E+00,  0.000000E+00
  2.785000E+04,  1.933835E-11,  0.000000E+00,  0.000000E+00,  0.000000E+00
  2.795000E+04,  1.906764E-11,  0.000000E+00,  0.000000E+00,  0.000000E+00
  2.805000E+04,  1.880199E-11,  0.000000E+00,  0.000000E+00,  0.000000E+00
  2.815000E+04,  1.854007E-11,  0.000000E+00,  0.000000E+00,  0.000000E+00
  2.825000E+04,  1.828304E-11,  0.000000E+00,  0.000000E+00,  0.000000E+00
  2.835000E+04,  1.802954E-11,  0.000000E+00,  0.000000E+00,  0.000000E+00
  2.845000E+04,  1.778087E-11,  0.000000E+00,  0.000000E+00,  0.000000E+00
  2.855000E+04,  1.749987E-11,  0.000000E+00,  0.000000E+00,  0.000000E+00
  2.865000E+04,  1.706956E-11,  0.000000E+00,  0.000000E+00,  0.000000E+00
  2.875000E+04,  1.637475E-11,  0.000000E+00,  0.000000E+00,  0.000000E+00
  2.885000E+04,  1.673220E-11,  0.000000E+00,  0.000000E+00,  0.000000E+00
  2.895000E+04,  1.659500E-11,  0.000000E+00,  0.000000E+00,  0.000000E+00
  2.905000E+04,  1.637743E-11,  0.000000E+00,  0.000000E+00,  0.000000E+00
  2.915000E+04,  1.615683E-11,  0.000000E+00,  0.000000E+00,  0.000000E+00
  2.925000E+04,  1.594024E-11,  0.000000E+00,  0.000000E+00,  0.000000E+00
  2.935000E+04,  1.572743E-11,  0.000000E+00,  0.000000E+00,  0.000000E+00
  2.945000E+04,  1.551788E-11,  0.000000E+00,  0.000000E+00,  0.000000E+00
  2.955000E+04,  1.531212E-11,  0.000000E+00,  0.000000E+00,  0.000000E+00
  2.965000E+04,  1.510860E-11,  0.000000E+00,  0.000000E+00,  0.000000E+00
  2.975000E+04,  1.491033E-11,  0.000000E+00,  0.000000E+00,  0.000000E+00
  2.985000E+04,  1.471424E-11,  0.000000E+00,  0.000000E+00,  0.000000E+00
  2.995000E+04,  1.452088E-11,  0.000000E+00,  0.000000E+00,  0.000000E+00
  3.005000E+04,  1.433130E-11,  0.000000E+00,  0.000000E+00,  0.000000E+00
  3.015000E+04,  1.414306E-11,  0.000000E+00,  0.000000E+00,  0.000000E+00
  3.025000E+04,  1.390136E-11,  0.000000E+00,  0.000000E+00,  0.000000E+00
  3.035000E+04,  1.325991E-11,  0.000000E+00,  0.000000E+00,  0.000000E+00
  3.045000E+04,  1.326383E-11,  0.000000E+00,  0.000000E+00,  0.000000E+00
  3.055000E+04,  1.338671E-11,  0.000000E+00,  0.000000E+00,  0.000000E+00
  3.065000E+04,  1.325559E-11,  0.000000E+00,  0.000000E+00,  0.000000E+00
  3.075000E+04,  1.308615E-11,  0.000000E+00,  0.000000E+00,  0.000000E+00
  3.085000E+04,  1.292000E-11,  0.000000E+00,  0.000000E+00,  0.000000E+00
  3.095000E+04,  1.275656E-11,  0.000000E+00,  0.000000E+00,  0.000000E+00
  3.105000E+04,  1.259496E-11,  0.000000E+00,  0.000000E+00,  0.000000E+00
  3.115000E+04,  1.243630E-11,  0.000000E+00,  0.000000E+00,  0.000000E+00
  3.125000E+04,  1.227940E-11,  0.000000E+00,  0.000000E+00,  0.000000E+00
  3.135000E+04,  1.212578E-11,  0.000000E+00,  0.000000E+00,  0.000000E+00
  3.145000E+04,  1.197399E-11,  0.000000E+00,  0.000000E+00,  0.000000E+00
  3.155000E+04,  1.182525E-11,  0.000000E+00,  0.000000E+00,  0.000000E+00
  3.165000E+04,  1.167786E-11,  0.000000E+00,  0.000000E+00,  0.000000E+00
  3.175000E+04,  1.153392E-11,  0.000000E+00,  0.000000E+00,  0.000000E+00
  3.185000E+04,  1.139155E-11,  0.000000E+00,  0.000000E+00,  0.000000E+00
  3.195000E+04,  1.125122E-11,  0.000000E+00,  0.000000E+00,  0.000000E+00
  3.210000E+04,  1.104461E-11,  0.000000E+00,  0.000000E+00,  0.000000E+00
  3.230000E+04,  1.077699E-11,  0.000000E+00,  0.000000E+00,  0.000000E+00
  3.250000E+04,  1.051726E-11,  0.000000E+00,  0.000000E+00,  0.000000E+00
  3.270000E+04,  1.025787E-11,  0.000000E+00,  0.000000E+00,  0.000000E+00
  3.290000E+04,  9.685311E-12,  0.000000E+00,  0.000000E+00,  0.000000E+00
  3.310000E+04,  9.688243E-12,  0.000000E+00,  0.000000E+00,  0.000000E+00
  3.330000E+04,  9.538546E-12,  0.000000E+00,  0.000000E+00,  0.000000E+00
  3.350000E+04,  9.321641E-12,  0.000000E+00,  0.000000E+00,  0.000000E+00
  3.370000E+04,  9.106053E-12,  0.000000E+00,  0.000000E+00,  0.000000E+00
  3.390000E+04,  8.896185E-12,  0.000000E+00,  0.000000E+00,  0.000000E+00
  3.410000E+04,  8.692049E-12,  0.000000E+00,  0.000000E+00,  0.000000E+00
  3.430000E+04,  8.493662E-12,  0.000000E+00,  0.000000E+00,  0.000000E+00
  3.450000E+04,  8.300946E-12,  0.000000E+00,  0.000000E+00,  0.000000E+00
  3.470000E+04,  8.113457E-12,  0.000000E+00,  0.000000E+00,  0.000000E+00
  3.490000E+04,  7.931357E-12,  0.000000E+00,  0.000000E+00,  0.000000E+00
  3.510000E+04,  7.754333E-12,  0.000000E+00,  0.000000E+00,  0.000000E+00
  3.530000E+04,  7.582024E-12,  0.000000E+00,  0.000000E+00,  0.000000E+00
  3.550000E+04,  7.414469E-12,  0.000000E+00,  0.000000E+00,  0.000000E+00
  3.570000E+04,  7.251458E-12,  0.000000E+00,  0.000000E+00,  0.000000E+00
  3.590000E+04,  7.093483E-12,  0.000000E+00,  0.000000E+00,  0.000000E+00
  3.610000E+04,  6.938375E-12,  0.000000E+00,  0.000000E+00,  0.000000E+00
  3.630000E+04,  6.789029E-12,  0.000000E+00,  0.000000E+00,  0.000000E+00
  3.650000E+04,  6.641354E-12,  0.000000E+00,  0.000000E+00,  0.000000E+00
  3.670000E+04,  6.501076E-12,  0.000000E+00,  0.000000E+00,  0.000000E+00
  3.690000E+04,  6.357793E-12,  0.000000E+00,  0.000000E+00,  0.000000E+00
  3.710000E+04,  6.214270E-12,  0.000000E+00,  0.000000E+00,  0.000000E+00
  3.730000E+04,  5.985228E-12,  0.000000E+00,  0.000000E+00,  0.000000E+00
  3.750000E+04,  5.822534E-12,  0.000000E+00,  0.000000E+00,  0.000000E+00
  3.770000E+04,  5.840185E-12,  0.000000E+00,  0.000000E+00,  0.000000E+00
  3.790000E+04,  5.724506E-12,  0.000000E+00,  0.000000E+00,  0.000000E+00
  3.810000E+04,  5.597707E-12,  0.000000E+00,  0.000000E+00,  0.000000E+00
  3.830000E+04,  5.484255E-12,  0.000000E+00,  0.000000E+00,  0.000000E+00
  3.850000E+04,  5.390150E-12,  0.000000E+00,  0.000000E+00,  0.000000E+00
  3.870000E+04,  5.280737E-12,  0.000000E+00,  0.000000E+00,  0.000000E+00
  3.890000E+04,  5.162260E-12,  0.000000E+00,  0.000000E+00,  0.000000E+00
  3.910000E+04,  5.038079E-12,  0.000000E+00,  0.000000E+00,  0.000000E+00
  3.930000E+04,  4.962366E-12,  0.000000E+00,  0.000000E+00,  0.000000E+00
  3.950000E+04,  4.869121E-12,  0.000000E+00,  0.000000E+00,  0.000000E+00
  3.970000E+04,  4.772566E-12,  0.000000E+00,  0.000000E+00,  0.000000E+00
  3.990000E+04,  4.677466E-12,  0.000000E+00,  0.000000E+00,  0.000000E+00
  4.010000E+04,  4.557728E-12,  0.000000E+00,  0.000000E+00,  0.000000E+00
  4.030000E+04,  4.450817E-12,  0.000000E+00,  0.000000E+00,  0.000000E+00
  4.050000E+04,  4.266552E-12,  0.000000E+00,  0.000000E+00,  0.000000E+00
  4.070000E+04,  4.314247E-12,  0.000000E+00,  0.000000E+00,  0.000000E+00
  4.090000E+04,  4.240566E-12,  0.000000E+00,  0.000000E+00,  0.000000E+00
  4.110000E+04,  4.159292E-12,  0.000000E+00,  0.000000E+00,  0.000000E+00
  4.130000E+04,  4.075990E-12,  0.000000E+00,  0.000000E+00,  0.000000E+00
  4.150000E+04,  3.992965E-12,  0.000000E+00,  0.000000E+00,  0.000000E+00
  4.170000E+04,  3.864134E-12,  0.000000E+00,  0.000000E+00,  0.000000E+00
  4.190000E+04,  3.841575E-12,  0.000000E+00,  0.000000E+00,  0.000000E+00
  4.210000E+04,  3.780565E-12,  0.000000E+00,  0.000000E+00,  0.000000E+00
  4.230000E+04,  3.710111E-12,  0.000000E+00,  0.000000E+00,  0.000000E+00
  4.250000E+04,  3.639334E-12,  0.000000E+00,  0.000000E+00,  0.000000E+00
  4.270000E+04,  3.573975E-12,  0.000000E+00,  0.000000E+00,  0.000000E+00
  4.290000E+04,  3.502062E-12,  0.000000E+00,  0.000000E+00,  0.000000E+00
  4.310000E+04,  3.444002E-12,  0.000000E+00,  0.000000E+00,  0.000000E+00
  4.330000E+04,  3.381202E-12,  0.000000E+00,  0.000000E+00,  0.000000E+00
  4.350000E+04,  3.315285E-12,  0.000000E+00,  0.000000E+00,  0.000000E+00
  4.370000E+04,  3.195160E-12,  0.000000E+00,  0.000000E+00,  0.000000E+00
  4.390000E+04,  3.174076E-12,  0.000000E+00,  0.000000E+00,  0.000000E+00
  4.410000E+04,  3.143635E-12,  0.000000E+00,  0.000000E+00,  0.000000E+00
  4.430000E+04,  3.087922E-12,  0.000000E+00,  0.000000E+00,  0.000000E+00
  4.450000E+04,  3.033107E-12,  0.000000E+00,  0.000000E+00,  0.000000E+00
  4.470000E+04,  2.983277E-12,  0.000000E+00,  0.000000E+00,  0.000000E+00
  4.490000E+04,  2.930801E-12,  0.000000E+00,  0.000000E+00,  0.000000E+00
  4.510000E+04,  2.879433E-12,  0.000000E+00,  0.000000E+00,  0.000000E+00
  4.530000E+04,  2.829186E-12,  0.000000E+00,  0.000000E+00,  0.000000E+00
  4.550000E+04,  2.780069E-12,  0.000000E+00,  0.000000E+00,  0.000000E+00
  4.570000E+04,  2.731983E-12,  0.000000E+00,  0.000000E+00,  0.000000E+00
  4.590000E+04,  2.684931E-12,  0.000000E+00,  0.000000E+00,  0.000000E+00
  4.610000E+04,  2.634613E-12,  0.000000E+00,  0.000000E+00,  0.000000E+00
  4.630000E+04,  2.583005E-12,  0.000000E+00,  0.000000E+00,  0.000000E+00
  4.650000E+04,  2.442989E-12,  0.000000E+00,  0.000000E+00,  0.000000E+00
  4.670000E+04,  2.424104E-12,  0.000000E+00,  0.000000E+00,  0.000000E+00
  4.690000E+04,  2.443020E-12,  0.000000E+00,  0.000000E+00,  0.000000E+00
  4.710000E+04,  2.417908E-12,  0.000000E+00,  0.000000E+00,  0.000000E+00
  4.730000E+04,  2.382394E-12,  0.000000E+00,  0.000000E+00,  0.000000E+00
  4.750000E+04,  2.342744E-12,  0.000000E+00,  0.000000E+00,  0.000000E+00
  4.770000E+04,  2.303912E-12,  0.000000E+00,  0.000000E+00,  0.000000E+00
  4.790000E+04,  2.265862E-12,  0.000000E+00,  0.000000E+00,  0.000000E+00
  4.810000E+04,  2.228584E-12,  0.000000E+00,  0.000000E+00,  0.000000E+00
  4.830000E+04,  2.192095E-12,  0.000000E+00,  0.000000E+00,  0.000000E+00
  4.850000E+04,  2.156314E-12,  0.000000E+00,  0.000000E+00,  0.000000E+00
  4.870000E+04,  2.121296E-12,  0.000000E+00,  0.000000E+00,  0.000000E+00
  4.890000E+04,  2.086936E-12,  0.000000E+00,  0.000000E+00,  0.000000E+00
  4.910000E+04,  2.053307E-12,  0.000000E+00,  0.000000E+00,  0.000000E+00
  4.930000E+04,  2.020338E-12,  0.000000E+00,  0.000000E+00,  0.000000E+00
  4.950000E+04,  1.988018E-12,  0.000000E+00,  0.000000E+00,  0.000000E+00
  4.970000E+04,  1.956336E-12,  0.000000E+00,  0.000000E+00,  0.000000E+00
  4.990000E+04,  1.925303E-12,  0.000000E+00,  0.000000E+00,  0.000000E+00
  5.010000E+04,  1.894864E-12,  0.000000E+00,  0.000000E+00,  0.000000E+00
  5.030000E+04,  1.865048E-12,  0.000000E+00,  0.000000E+00,  0.000000E+00
  5.050000E+04,  1.835801E-12,  0.000000E+00,  0.000000E+00,  0.000000E+00
  5.070000E+04,  1.807086E-12,  0.000000E+00,  0.000000E+00,  0.000000E+00
  5.090000E+04,  1.776215E-12,  0.000000E+00,  0.000000E+00,  0.000000E+00
  5.110000E+04,  1.739122E-12,  0.000000E+00,  0.000000E+00,  0.000000E+00
  5.130000E+04,  1.662874E-12,  0.000000E+00,  0.000000E+00,  0.000000E+00
  5.150000E+04,  1.688682E-12,  0.000000E+00,  0.000000E+00,  0.000000E+00
  5.170000E+04,  1.669075E-12,  0.000000E+00,  0.000000E+00,  0.000000E+00
  5.190000E+04,  1.646270E-12,  0.000000E+00,  0.000000E+00,  0.000000E+00
  5.210000E+04,  1.621246E-12,  0.000000E+00,  0.000000E+00,  0.000000E+00
  5.230000E+04,  1.596673E-12,  0.000000E+00,  0.000000E+00,  0.000000E+00
  5.250000E+04,  1.572563E-12,  0.000000E+00,  0.000000E+00,  0.000000E+00
  5.270000E+04,  1.548911E-12,  0.000000E+00,  0.000000E+00,  0.000000E+00
  5.290000E+04,  1.525703E-12,  0.000000E+00,  0.000000E+00,  0.000000E+00
  5.310000E+04,  1.502926E-12,  0.000000E+00,  0.000000E+00,  0.000000E+00
  5.330000E+04,  1.480567E-12,  0.000000E+00,  0.000000E+00,  0.000000E+00
  5.350000E+04,  1.458625E-12,  0.000000E+00,  0.000000E+00,  0.000000E+00
  5.370000E+04,  1.435505E-12,  0.000000E+00,  0.000000E+00,  0.000000E+00
  5.390000E+04,  1.414523E-12,  0.000000E+00,  0.000000E+00,  0.000000E+00
  5.410000E+04,  1.395182E-12,  0.000000E+00,  0.000000E+00,  0.000000E+00
  5.430000E+04,  1.374805E-12,  0.000000E+00,  0.000000E+00,  0.000000E+00
  5.450000E+04,  1.354810E-12,  0.000000E+00,  0.000000E+00,  0.000000E+00
  5.470000E+04,  1.335139E-12,  0.000000E+00,  0.000000E+00,  0.000000E+00
  5.490000E+04,  1.315861E-12,  0.000000E+00,  0.000000E+00,  0.000000E+00
  5.510000E+04,  1.295352E-12,  0.000000E+00,  0.000000E+00,  0.000000E+00
  5.530000E+04,  1.274310E-12,  0.000000E+00,  0.000000E+00,  0.000000E+00
  5.550000E+04,  1.260014E-12,  0.000000E+00,  0.000000E+00,  0.000000E+00
  5.570000E+04,  1.242104E-12,  0.000000E+00,  0.000000E+00,  0.000000E+00
  5.590000E+04,  1.224474E-12,  0.000000E+00,  0.000000E+00,  0.000000E+00
  5.610000E+04,  1.207144E-12,  0.000000E+00,  0.000000E+00,  0.000000E+00
  5.630000E+04,  1.190127E-12,  0.000000E+00,  0.000000E+00,  0.000000E+00
  5.650000E+04,  1.173408E-12,  0.000000E+00,  0.000000E+00,  0.000000E+00
  5.670000E+04,  1.156944E-12,  0.000000E+00,  0.000000E+00,  0.000000E+00
  5.690000E+04,  1.139429E-12,  0.000000E+00,  0.000000E+00,  0.000000E+00
  5.710000E+04,  1.118940E-12,  0.000000E+00,  0.000000E+00,  0.000000E+00
  5.730000E+04,  1.107381E-12,  0.000000E+00,  0.000000E+00,  0.000000E+00
  5.750000E+04,  1.094061E-12,  0.000000E+00,  0.000000E+00,  0.000000E+00
  5.770000E+04,  1.078999E-12,  0.000000E+00,  0.000000E+00,  0.000000E+00
  5.790000E+04,  1.064208E-12,  0.000000E+00,  0.000000E+00,  0.000000E+00
  5.810000E+04,  1.049675E-12,  0.000000E+00,  0.000000E+00,  0.000000E+00
  5.830000E+04,  1.035350E-12,  0.000000E+00,  0.000000E+00,  0.000000E+00
  5.850000E+04,  1.022075E-12,  0.000000E+00,  0.000000E+00,  0.000000E+00
  5.870000E+04,  1.006245E-12,  0.000000E+00,  0.000000E+00,  0.000000E+00
  5.890000E+04,  9.860751E-13,  0.000000E+00,  0.000000E+00,  0.000000E+00
  5.910000E+04,  9.415235E-13,  0.000000E+00,  0.000000E+00,  0.000000E+00
  5.930000E+04,  9.610723E-13,  0.000000E+00,  0.000000E+00,  0.000000E+00
  5.950000E+04,  9.458276E-13,  0.000000E+00,  0.000000E+00,  0.000000E+00
  5.970000E+04,  9.366013E-13,  0.000000E+00,  0.000000E+00,  0.000000E+00
  5.990000E+04,  9.283071E-13,  0.000000E+00,  0.000000E+00,  0.000000E+00
  6.010000E+04,  9.177112E-13,  0.000000E+00,  0.000000E+00,  0.000000E+00
  6.030000E+04,  9.056065E-13,  0.000000E+00,  0.000000E+00,  0.000000E+00
  6.050000E+04,  8.937219E-13,  0.000000E+00,  0.000000E+00,  0.000000E+00
  6.070000E+04,  8.820158E-13,  0.000000E+00,  0.000000E+00,  0.000000E+00
  6.090000E+04,  8.705080E-13,  0.000000E+00,  0.000000E+00,  0.000000E+00
  6.110000E+04,  8.591755E-13,  0.000000E+00,  0.000000E+00,  0.000000E+00
  6.130000E+04,  8.480346E-13,  0.000000E+00,  0.000000E+00,  0.000000E+00
  6.150000E+04,  8.370813E-13,  0.000000E+00,  0.000000E+00,  0.000000E+00
  6.170000E+04,  8.262957E-13,  0.000000E+00,  0.000000E+00,  0.000000E+00
  6.190000E+04,  8.156918E-13,  0.000000E+00,  0.000000E+00,  0.000000E+00
  6.210000E+04,  8.052335E-13,  0.000000E+00,  0.000000E+00,  0.000000E+00
  6.230000E+04,  7.949692E-13,  0.000000E+00,  0.000000E+00,  0.000000E+00
  6.250000E+04,  7.842561E-13,  0.000000E+00,  0.000000E+00,  0.000000E+00
  6.270000E+04,  7.713116E-13,  0.000000E+00,  0.000000E+00,  0.000000E+00
  6.290000E+04,  7.522438E-13,  0.000000E+00,  0.000000E+00,  0.000000E+00
  6.310000E+04,  7.508344E-13,  0.000000E+00,  0.000000E+00,  0.000000E+00
  6.330000E+04,  7.449901E-13,  0.000000E+00,  0.000000E+00,  0.000000E+00
  6.350000E+04,  7.366192E-13,  0.000000E+00,  0.000000E+00,  0.000000E+00
  6.370000E+04,  7.274293E-13,  0.000000E+00,  0.000000E+00,  0.000000E+00
  6.390000E+04,  7.183645E-13,  0.000000E+00,  0.000000E+00,  0.000000E+00
  6.420000E+04,  7.050531E-13,  0.000000E+00,  0.000000E+00,  0.000000E+00
  6.460000E+04,  6.877664E-13,  0.000000E+00,  0.000000E+00,  0.000000E+00
  6.500000E+04,  6.710009E-13,  0.000000E+00,  0.000000E+00,  0.000000E+00
  6.540000E+04,  6.547512E-13,  0.000000E+00,  0.000000E+00,  0.000000E+00
  6.580000E+04,  6.389813E-13,  0.000000E+00,  0.000000E+00,  0.000000E+00
  6.620000E+04,  6.236952E-13,  0.000000E+00,  0.000000E+00,  0.000000E+00
  6.660000E+04,  6.088487E-13,  0.000000E+00,  0.000000E+00,  0.000000E+00
  6.700000E+04,  5.944348E-13,  0.000000E+00,  0.000000E+00,  0.000000E+00
  6.740000E+04,  5.783204E-13,  0.000000E+00,  0.000000E+00,  0.000000E+00
  6.780000E+04,  5.577914E-13,  0.000000E+00,  0.000000E+00,  0.000000E+00
  6.820000E+04,  5.531607E-13,  0.000000E+00,  0.000000E+00,  0.000000E+00
  6.860000E+04,  5.409262E-13,  0.000000E+00,  0.000000E+00,  0.000000E+00
  6.900000E+04,  5.284916E-13,  0.000000E+00,  0.000000E+00,  0.000000E+00
  6.940000E+04,  5.164092E-13,  0.000000E+00,  0.000000E+00,  0.000000E+00
  6.980000E+04,  5.046776E-13,  0.000000E+00,  0.000000E+00,  0.000000E+00
  7.020000E+04,  4.932714E-13,  0.000000E+00,  0.000000E+00,  0.000000E+00
  7.060000E+04,  4.821914E-13,  0.000000E+00,  0.000000E+00,  0.000000E+00
  7.100000E+04,  4.714096E-13,  0.000000E+00,  0.000000E+00,  0.000000E+00
  7.140000E+04,  4.609378E-13,  0.000000E+00,  0.000000E+00,  0.000000E+00
  7.180000E+04,  4.507474E-13,  0.000000E+00,  0.000000E+00,  0.000000E+00
  7.220000E+04,  4.408453E-13,  0.000000E+00,  0.000000E+00,  0.000000E+00
  7.260000E+04,  4.312029E-13,  0.000000E+00,  0.000000E+00,  0.000000E+00
  7.300000E+04,  4.218227E-13,  0.000000E+00,  0.000000E+00,  0.000000E+00
  7.340000E+04,  4.127163E-13,  0.000000E+00,  0.000000E+00,  0.000000E+00
  7.380000E+04,  4.038216E-13,  0.000000E+00,  0.000000E+00,  0.000000E+00
  7.420000E+04,  3.936903E-13,  0.000000E+00,  0.000000E+00,  0.000000E+00
  7.460000E+04,  3.759667E-13,  0.000000E+00,  0.000000E+00,  0.000000E+00
  7.500000E+04,  3.649400E-13,  0.000000E+00,  0.000000E+00,  0.000000E+00
  7.540000E+04,  3.681441E-13,  0.000000E+00,  0.000000E+00,  0.000000E+00
  7.580000E+04,  3.626391E-13,  0.000000E+00,  0.000000E+00,  0.000000E+00
  7.620000E+04,  3.553018E-13,  0.000000E+00,  0.000000E+00,  0.000000E+00
  7.660000E+04,  3.479441E-13,  0.000000E+00,  0.000000E+00,  0.000000E+00
  7.700000E+04,  3.407663E-13,  0.000000E+00,  0.000000E+00,  0.000000E+00
  7.740000E+04,  3.337737E-13,  0.000000E+00,  0.000000E+00,  0.000000E+00
  7.780000E+04,  3.260683E-13,  0.000000E+00,  0.000000E+00,  0.000000E+00
  7.820000E+04,  3.203137E-13,  0.000000E+00,  0.000000E+00,  0.000000E+00
  7.860000E+04,  3.138434E-13,  0.000000E+00,  0.000000E+00,  0.000000E+00
  7.900000E+04,  3.075358E-13,  0.000000E+00,  0.000000E+00,  0.000000E+00
  7.940000E+04,  3.013870E-13,  0.000000E+00,  0.000000E+00,  0.000000E+00
  7.980000E+04,  2.953755E-13,  0.000000E+00,  0.000000E+00,  0.000000E+00
  8.020000E+04,  2.895343E-13,  0.000000E+00,  0.000000E+00,  0.000000E+00
  8.060000E+04,  2.838183E-13,  0.000000E+00,  0.000000E+00,  0.000000E+00
  8.100000E+04,  2.782454E-13,  0.000000E+00,  0.000000E+00,  0.000000E+00
  8.140000E+04,  2.718590E-13,  0.000000E+00,  0.000000E+00,  0.000000E+00
  8.180000E+04,  2.669848E-13,  0.000000E+00,  0.000000E+00,  0.000000E+00
  8.220000E+04,  2.623450E-13,  0.000000E+00,  0.000000E+00,  0.000000E+00
  8.260000E+04,  2.572981E-13,  0.000000E+00,  0.000000E+00,  0.000000E+00
  8.300000E+04,  2.523623E-13,  0.000000E+00,  0.000000E+00,  0.000000E+00
  8.340000E+04,  2.475568E-13,  0.000000E+00,  0.000000E+00,  0.000000E+00
  8.380000E+04,  2.428555E-13,  0.000000E+00,  0.000000E+00,  0.000000E+00
  8.420000E+04,  2.382737E-13,  0.000000E+00,  0.000000E+00,  0.000000E+00
  8.460000E+04,  2.337901E-13,  0.000000E+00,  0.000000E+00,  0.000000E+00
  8.500000E+04,  2.294202E-13,  0.000000E+00,  0.000000E+00,  0.000000E+00
  8.540000E+04,  2.251440E-13,  0.000000E+00,  0.000000E+00,  0.000000E+00
  8.580000E+04,  2.209617E-13,  0.000000E+00,  0.000000E+00,  0.000000E+00
  8.620000E+04,  2.166842E-13,  0.000000E+00,  0.000000E+00,  0.000000E+00
  8.660000E+04,  2.113098E-13,  0.000000E+00,  0.000000E+00,  0.000000E+00
  8.700000E+04,  2.083350E-13,  0.000000E+00,  0.000000E+00,  0.000000E+00
  8.740000E+04,  2.020977E-13,  0.000000E+00,  0.000000E+00,  0.000000E+00
  8.780000E+04,  1.984595E-13,  0.000000E+00,  0.000000E+00,  0.000000E+00
  8.820000E+04,  1.977687E-13,  0.000000E+00,  0.000000E+00,  0.000000E+00
  8.860000E+04,  1.942991E-13,  0.000000E+00,  0.000000E+00,  0.000000E+00
  8.900000E+04,  1.908252E-13,  0.000000E+00,  0.000000E+00,  0.000000E+00
  8.940000E+04,  1.874248E-13,  0.000000E+00,  0.000000E+00,  0.000000E+00
  8.980000E+04,  1.841072E-13,  0.000000E+00,  0.000000E+00,  0.000000E+00
  9.020000E+04,  1.808620E-13,  0.000000E+00,  0.000000E+00,  0.000000E+00
  9.060000E+04,  1.776790E-13,  0.000000E+00,  0.000000E+00,  0.000000E+00
  9.100000E+04,  1.745676E-13,  0.000000E+00,  0.000000E+00,  0.000000E+00
  9.140000E+04,  1.715229E-13,  0.000000E+00,  0.000000E+00,  0.000000E+00
  9.180000E+04,  1.685513E-13,  0.000000E+00,  0.000000E+00,  0.000000E+00
  9.220000E+04,  1.656392E-13,  0.000000E+00,  0.000000E+00,  0.000000E+00
  9.260000E+04,  1.627905E-13,  0.000000E+00,  0.000000E+00,  0.000000E+00
  9.300000E+04,  1.600041E-13,  0.000000E+00,  0.000000E+00,  0.000000E+00
  9.340000E+04,  1.570740E-13,  0.000000E+00,  0.000000E+00,  0.000000E+00
  9.380000E+04,  1.528285E-13,  0.000000E+00,  0.000000E+00,  0.000000E+00
  9.420000E+04,  1.511780E-13,  0.000000E+00,  0.000000E+00,  0.000000E+00
  9.460000E+04,  1.494194E-13,  0.000000E+00,  0.000000E+00,  0.000000E+00
  9.500000E+04,  1.469207E-13,  0.000000E+00,  0.000000E+00,  0.000000E+00
  9.540000E+04,  1.444669E-13,  0.000000E+00,  0.000000E+00,  0.000000E+00
  9.580000E+04,  1.420651E-13,  0.000000E+00,  0.000000E+00,  0.000000E+00
  9.620000E+04,  1.397113E-13,  0.000000E+00,  0.000000E+00,  0.000000E+00
  9.660000E+04,  1.374032E-13,  0.000000E+00,  0.000000E+00,  0.000000E+00
  9.700000E+04,  1.351459E-13,  0.000000E+00,  0.000000E+00,  0.000000E+00
  9.740000E+04,  1.329342E-13,  0.000000E+00,  0.000000E+00,  0.000000E+00
  9.780000E+04,  1.307718E-13,  0.000000E+00,  0.000000E+00,  0.000000E+00
  9.820000E+04,  1.286450E-13,  0.000000E+00,  0.000000E+00,  0.000000E+00
  9.860000E+04,  1.265614E-13,  0.000000E+00,  0.000000E+00,  0.000000E+00
  9.900000E+04,  1.245242E-13,  0.000000E+00,  0.000000E+00,  0.000000E+00
  9.940000E+04,  1.225266E-13,  0.000000E+00,  0.000000E+00,  0.000000E+00
  9.980000E+04,  1.205746E-13,  0.000000E+00,  0.000000E+00,  0.000000E+00
  1.002000E+05,  1.186547E-13,  0.000000E+00,  0.000000E+00,  0.000000E+00
  2.000000E+05,  7.398850E-15,  0.000000E+00,  0.000000E+00,  0.000000E+00
  4.000000E+05,  4.569960E-16,  0.000000E+00,  0.000000E+00,  0.000000E+00
  6.000000E+05,  8.959969E-17,  0.000000E+00,  0.000000E+00,  0.000000E+00
  8.000000E+05,  2.818570E-17,  0.000000E+00,  0.000000E+00,  0.000000E+00
  1.000000E+06,  1.148853E-17,  0.000000E+00,  0.000000E+00,  0.000000E+00
  1.200000E+06,  5.516769E-18,  0.000000E+00,  0.000000E+00,  0.000000E+00
  1.400000E+06,  2.966948E-18,  0.000000E+00,  0.000000E+00,  0.000000E+00
  1.600000E+06,  1.733655E-18,  0.000000E+00,  0.000000E+00,  0.000000E+00
